500 50
-266 461 -435 784 552 -283 835 654 525 -170 -581 -201 297 -215 407 979 -582 -340 -111 -87 -782 209 -14 -333 764 -539 603 789 616 186 178 -519 481 277 -272 -510 287 -116 -137 591 292 118 -630 418 751 -449 -724 694 110 279 -903 -848 220 -599 472 559 660 -955 -467 -858 -722 268 663 431 720 782 767 48 727 -77 904 163 -240 -810 649 900 -791 -925 -522 346 -44 539 889 -634 -105 -943 807 311 -966 426 468 348 -548 707 -221 -159 -149 696 528 317 -822 -720 -898 652 -971 -584 -817 949 33 768 869 343 421 47 -823 -692 3 -497 -199 -969 30 485 -357 -346 -375 -444 631 255 273 -535 244 -65 -120 777 -123 901 427 465 -143 -827 577 614 -932 368 -733 -862 -335 692 947 115 931 -341 880 729 731 143 -672 261 38 -302 584 587 776 -794 962 436 971 493 991 860 389 872 -579 157 428 -963 453 -55 823 -836 -547 -337 353 -27 956 447 -371 -814 926 687 842 6 865 411 -697 66 -965 323 -509 280 191 634 743 545 -349 437 -699 877 -278 518 805 417 -460 45 579 896 -859 360 332 749 594 -870 761 -588 -99 480 160 521 -291 -702 -753 342 -431 -809 82 533 -679 99 -250 -488 339 89 -566 -270 246 -428 -706 -673 -517 -768 826 -206 -626 -15 -499 224 534 -700 -179 973 647 -133 -975 919 -287 605 -151 902 62 -381 144 88 -611 -423 -632 126 46 -529 853 -23 -844 -501 -635 -730 -416 -106 -917 15 -420 133 897 -729 -202 -979 -815 599 632 -476 432 693 -983 71 -586 -263 -719 665 641 -173 546 324 836 -418 -331 321 319 854 158 -756 -312 179 801 -874 -410 586 -356 -970 -262 -987 811 -595 -446 -36 -647 585 86 -384 658 -122 145 254 796 -448 683 76 935 459 433 677 -1 -8 -24 8 -869 383 -195 550 930 746 -466 -627 -454 371 -91 970 -164 -370 666 -893 -224 288 834 -310 -846 881 120 989 -83 -629 547 -879 205 -153 596 968 29 522 -530 -664 213 -134 -857 -596 -873 -63 128 954 -540 -513 -544 27 -830 -610 -394 -628 -952 366 333 -316 791 197 831 -436 702 891 -597 -793 676 23 -37 37 -88 308 -286 -158 -520 217 -163 -995 249 50 813 -778 439 395 573 -45 501 -405 171 228 -152 -732 730 469 449 -816 923 -462 -549 -334 969 -58 -676 598 635 -359 -992 612 -638 -29 359 392 106 -942 52 -694 -490 -62 -802 -140 219 -348 628 -40 -385 361 -958 -387 984 448 -429 -940 81 -162 975 -248 -616 -352 -575 837 -478 974 -614 420 -737 141 -128 -910 -372 623
160 -278 
547 -676 
100 666 
145 591 
877 522 
279 -547 
432 426 
472 -164 
141 -340 
632 46 
-699 217 
-539 437 
-595 -448 
-310 813 
118 -215 
904 -548 
126 534 
493 789 
461 -359 
807 -575 
0 -444 
603 448 
-874 317 
559 784 
-768 -702 
186 191 
447 974 
395 -794 
-151 37 
746 465 
-965 896 
791 528 
707 -348 
332 360 
-634 -628 
-105 -137 
411 -952 
-733 853 
-36 652 
596 -116 
449 -134 
-719 -436 
-428 687 
-201 -917 
-870 -611 
-291 383 
598 837 
-992 -272 
-629 244 
420 420 