10000 8
1594.1473
397 1607
1756,1864
1170.1479
1579,1707
652 1731
96 1788
64.1787
1451_430
150 1007
1024,474
1177,1364
1889_1756
1503,633
583 928
1345.1810
1188_575
1512 126
1340_648
1319 827
1125 425
690_1319
1120_275
438,783
1266 1498
1404,512
1441.1819
894 810
892,202
1500 1158
1551.987
1175 1968
1792,1340
1491 1638
691,36
1690.1071
186,1874
1210_1342
887,374
483.838
1966_443
61 1875
712.1391
879,1371
1001_1662
265_1946
976.1628
1062.1266
1342 442
1694_827
440_1187
1902.289
723,388
1867 1880
369 1746
1796.759
738.1924
1481,1891
331.1823
1247 532
1508.244
895_966
663.116
1546 124
1920.862
1513 5
431.1741
1190,61
986,232
844_262
1101 1609
914_1880
543 1239
65 1082
1136,1746
1313,1987
21,742
325,1404
1554,561
735 996
712.1114
1010.1038
1294.1434
1366 1041
1768,28
1396.1531
471 1448
1355_508
102.713
900 1519
1243 63
152,69
1910,145
1618_1084
1742 1939
798.1679
183 338
1113,1487
1851,945
354,1996
1286_1497
796,887
1212 193
649.1947
1769 893
1408 1262
883,1197
1209,1703
592,1968
510 457
1209.1418
1909_1299
302_1963
63_162
1243_233
301 1865
1694,1564
1915,1469
1596,674
760,1706
154 1863
390 975
508_757
1751_775
1453_686
897,163
1024.549
207.278
1728 1830
1394_1024
1939,730
1514_1415
1306,912
920 1805
1954,699
371_926
473,1945
1254.1005
941,1485
1349 1523
1094.631
1441 350
785.1140
391.1916
1198.1945
1857.1971
1866.76
606,1252
1715.81
106 586
1165,1147
535 380
969,936
749_448
907.1710
1287 247
853 903
184_1049
681_1462
1481_1324
232_934
493 1732
1732 1702
635 716
1603.1563
1866,564
794_1186
349.491
1835_1544
909 642
1035 927
1840.1186
1652 1784
1963.1974
1926 730
1679.330
322_912
1205 61
1048,1183
53,253
226,327
1918 1997
678.960
339 255
448,1530
1669,557
1603 182
580.610
475_1575
770 632
1029.688
711,510
108.44
1640,984
1210 1247
399.1126
1292.1779
591_1383
1023.1299
1779,1630
1083.420
1812 233
1993.1501
1862 1634
1829_1023
262_799
1844.408
1274,1018
983 1708
1606_1981
1072.958
686 1826
104_330
1843 1956
1667.1372
409_1406
699 840
249.34
369,1369
362_930
1818,1035
1773_573
576,386
629.1207
1382,1733
239 7
1920,658
1876,656
673 1527
67.1284
1407_665
144,1860
1524,187
1924 1439
82,804
67.462
37 920
1375.1395
1367 1723
724,1816
937,554
385_1022
1903,1204
997.1294
1248 1573
1125 969
1760_187
564,54
438,1343
1941.1099
176 147
693.1732
494.527
884.1892
790.1861
993_1715
1554.894
1596_1421
914 763
229_40
62,1601
1474,1973
917 145
81.313
35_648
1899_1343
690 704
867_1026
576,446
1378_1759
907 1519
888 63
515 677
17_1277
1088.479
311_1533
310 1989
1664_1657
922.938
994_962
1229_633
1766_1861
317.592
129_1061
1940.478
306 1256
227.1287
213.192
1070 1954
862,1943
413_822
654,473
1952 621
360,390
253 1494
1202.760
1477.711
1653 1221
438,1692
1955,1722
1907_45
555 751
764,286
131_1627
1459 1401
642.596
1664 905
463,1643
486 677
1568 1279
635.52
493_1567
1035.84
1495.1002
1300 1356
619 751
1558_1733
405.70
1971 1699
766 1672
1764_1197
1486.671
189,175
604,47
1634 1192
945.1013
226.1284
1534 1565
803 388
1405 798
1802_1350
1358 786
328 1459
70_1327
70 1430
896 1354
1699 1442
657,225
1514 479
1096,451
381,1458
625,73
1600 533
1649 1768
1726 1306
629,1737
1679 467
1614.1312
418_992
183 1738
1139 1830
311.1367
1633_1691
1546_436
1917_210
217,342
1728,94
1672,924
1042.72
50_1685
1868_155
431 1444
1241 1209
1855,102
1006,1434
1855 1130
758.1491
509 37
1424 1644
1081_1392
251,910
1920,323
1525,1784
1662,1665
1094,1162
427,1802
480_1785
1931_1675
1501 1392
1798,1602
916,155
773.432
1229 283
477_1338
1873_856
1758,1887
1194,1083
706,58
1527,1051
203,184
904,989
1033_1484
1914_808
1927,1686
304,672
1156 1938
1102,1134
593 1229
646.0
1891 1530
630 1811
119 811
1439.1040
211.278
493_1427
1717.228
135.1967
343_1664
797,1612
1461 1982
1784,769
847,419
1046,928
1515.740
62.895
1468_1804
1295.1217
420,1950
1039.405
708,1751
721,122
1540,1669
944_175
1425_1245
1707.216
642.1181
586_1689
1080.690
1798,1309
1738,564
851.1593
737_1317
544.276
1846_800
1985.1826
923.1064
606 1358
1072,1022
1008_510
1281.839
1059_1391
352 797
380.1856
1525,637
1350_398
453,1761
98_1085
1167_1594
313 976
635 556
601_686
106.665
524_1432
1009,207
1238_283
1299,853
57.678
1916.1367
964 478
1336,1554
177,1281
1508_1003
1481,443
1073 273
411_1321
1682_762
1933 896
1589.1765
374,165
365,490
846_806
1124,1003
1148.1599
599_1572
1542 138
388.1614
1055,447
1791.548
342_97
179.1696
889 1779
1740.901
1699 1088
1840.1964
4.1521
716.1889
550.877
1790 575
1040_1422
1840 1982
681_1420
766,1150
1403,1814
1037_830
1189_609
336 1195
1571_1936
1640.469
368.1942
1934.729
1504,1478
1542 1862
731,1040
1565,439
1814_1110
1542.751
546.1468
825_1329
190_1088
1989.121
1796.824
1364.73
1228.53
453_581
570 1240
466 1356
1107_864
1218.681
1756,496
1676,1608
1502.1468
122_1441
358,128
1544 835
897,745
31 712
305_1767
1897_1214
772_68
1411_1182
1830 1359
1105 608
472.1755
1128 76
1333.1930
1319 599
1850,594
250 715
267_0
1535.193
766 109
579_1292
1577.1629
1661_49
670.1074
1506,1545
857 771
1885.581
1127 1538
1503,145
1348 1616
474_1723
1597_1868
1127_1897
1911,196
1425 1259
1614.838
343_102
1947 730
985 279
1722.1969
1584 1152
1786.185
554 662
267 33
1583 681
886.240
1632_1448
23 1549
1519 771
350.1971
1809_1772
1707_273
692 1064
98,1645
651.1957
1562.374
1278_684
285 1131
1467 531
1980,1699
47,118
1914,793
1844_1381
1386 1370
914_1108
982.1845
596_803
30_169
705.356
1405 357
1228_1521
1408.1987
1994_1559
153_95
661_1655
1161,1431
923,300
359 481
1825_1640
1814.736
489,86
275_253
1555_257
513,70
230 1497
1637,809
1817,861
935 1413
1692.98
1279_1818
361 1628
1474,782
109_106
232.1253
1812 1761
144_807
1105,402
129,1760
388.413
200.905
3.1284
700_1070
1833 1827
895,1502
193_334
1089.62
1817 1455
1808 1724
1270.1890
1475,137
539,1496
50_345
1357 592
504 542
1975,1596
1899 947
92.204
350 853
69_1300
906 1300
835 883
338_229
1255_1733
1625,1784
1592_1232
914_793
1405 958
1241.1907
137 37
379,1278
1901 1208
1536 1115
1397 797
725 218
1556,1423
996_1958
607.1718
1042 1777
308.1704
643_1738
1288.1011
479 354
1219_900
1667_1766
495.1991
1130_1329
116.1657
827_1257
1008_37
1450_1609
1710 760
1661,1830
1039_1180
244 600
159,978
1491.169
1304_280
1250,366
1395 1628
189 594
333,27
1255.267
1021_762
532,675
1346_803
1574,1021
762,880
1232,305
304.1228
681.1227
1910 460
1261.780
605,29
294,809
612.472
885_804
556 488
580.352
1399.371
1903.1298
527 1090
340.1665
831 968
1884_1207
589,1866
1875.223
1226_847
1769.1468
329,1214
1364 366
864 680
760 1806
521.1473
1890_1812
497.1759
1489 1437
1608_193
1516_1874
710,738
781.1096
546,1981
1602.1271
778_550
1355,1456
17_235
740 1753
764_783
1556,271
1664.1262
227,1417
1403 119
1824_1947
1315 1502
296_1802
1414 638
67.1796
57,1097
1913 1382
1910,153
937 1567
1032,1167
178.278
369 1326
1606,1429
1067.1443
1464,467
773 292
626_1381
34_1429
273.742
1062_1248
601,810
719 1108
1145_912
1821,1922
617.928
1488,1048
1110,1087
1542 199
1435_1042
294 1494
1891 39
605,848
1676_1520
1642,1012
1762_1424
1485,1464
974 536
958 324
1667,1113
910_827
1247.892
111_901
250.993
1922_362
163,451
701_844
1061.486
1043.1156
1604_678
1372,1881
819_469
820_1815
1471.1392
1395,926
985,1252
1946_1628
1090,1642
919 1282
1511,1303
973.dr1834
1512,1145
1899_859
48.1366
1608.1690
1215,173
1038,1410
1119 127
450 320
1273.416
1401_1448
493 1317
95 817
1446 801
220.189
919_812
447 136
107_1171
1132,1209
1541.1624
490 1563
1523_1918
467,1051
1726 74
941.211
874.536
1355_678
463 1823
1789_113
1794_744
1745 1108
1251,604
495 901
182,1408
395,506
1861.658
200_65
132 1422
1341 514
522,210
351 1378
400.1271
1382 1760
2.1493
1748 1783
379.696
314.260
309 227
1252_1027
1578,241
1955_1285
1747.1189
1011.1189
1242,647
737,870
268_1042
1614_544
808_733
1107.1273
1559 747
1139.1388
262.967
826.74
1287,844
1414_820
721 196
1041,910
1456 1095
906,1873
1208_1327
1986,482
1343 566
1361_1724
1311,570
1072_1784
1696_1941
1545 1066
121 1694
692.1524
817 145
1325.280
1660.1290
991 1709
1916 1210
1772.639
1717 78
948.1765
1979.41
385,1593
1364_460
1431 483
1085,581
247_698
346,1859
1166_896
1949,1872
527,178
1254.1873
1482_804
11,1089
249,1063
790_1612
1961_1869
1258 1030
1316 296
1282,1780
52,78
1137,657
1563,1637
829 1487
649.26
1334,195
1813.1571
221,1305
1980_780
1532.1729
209,1892
1953_831
1959 1702
1174 1466
131.1435
1353_608
1010 655
508 458
22 1941
1065_712
345_1409
1795.1639
1542 236
239 130
1233,280
1266,1389
1922,862
107_96
847 367
1528 704
196_563
358_1
1406 347
1090,805
1142 788
1122,1527
98,451
960_709
458.928
1881 27
997,94
735 1448
1308 1520
490 470
1878 500
1818.1250
928.66
1893_934
1553 425
178 1541
923.827
63_770
359_651
789 1771
1879,558
361_803
276_1077
627,518
608_163
371,9
862_1315
516,269
1117.649
325_1774
537 1646
1790,1997
596,1636
645_930
892.1513
395_899
1670,1866
60,1451
1879_1969
1008_1082
876 480
43.1375
733_667
305.1181
1539 1034
899 1641
1888.1646
713.210
1330 376
825 1853
117_1097
1549,312
1518_964
736,609
1148 583
1080,711
1231_1680
1656 721
116 1687
1866_1804
1787 6
1100.1094
1906,1936
995 38
548,880
402 1644
212_730
1988_360
215 1806
1618 1861
1070_735
941 1603
842_1134
1681.534
840,679
1401,502
1626_479
1375_853
842,1962
1022_909
1912,1318
851,373
1229_567
1177,412
999.666
1888 551
1448,188
943_1358
1228 915
409,790
44 1862
1751 1879
1193,133
935_1125
596_864
1515.1771
1871,1972
563 1280
5.272
998.1008
423,1128
983_1158
1717_996
208.127
1860 1096
1911_1543
1507 1491
1629,842
976 588
1316_1815
1324_8
428_1890
872_35
1576_1526
333.1457
69_1233
862,539
101.769
1826,877
673.1063
1058 887
704,1106
754 1116
182.43
165,548
1443,136
1229,1528
1363,1447
83,428
1463_1324
859_553
1870 1513
883_1028
1464_9
713.1869
517.346
1574_1354
1433_1470
27,1021
522_421
176.462
1408,922
1554_852
257 862
1199_442
805.299
480.931
1675 1155
959.1653
1004_1596
743.1784
445 972
558 1321
265 1074
1618 1701
563.3
1978,445
1034,411
38.1236
551.1256
347 1125
56.890
386,431
422,1933
1143.1902
1343_1354
518,789
1354.240
1834.46
1493,1222
1595 672
1675_178
1944 1281
94,186
663,652
1399_1419
1384,1767
1109.290
578 1625
1369 1216
1909,97
303,755
1074.905
542,1322
955_900
1537,306
472 781
730,652
1667.204
234,1272
1022 1969
1090_314
100 810
1570 1624
1926_1504
1292 1080
1647,1233
1161,550
167_1049
1401 574
1119,1458
500 1837
686,440
12.590
130_641
1978_884
856_473
1579_903
1903,871
853 165
1088 1296
122.354
894_1134
331 771
1361 187
527_62
1429 1492
1620,398
897.944
584.1810
445_815
349 1790
655_522
242 55
873_1767
514 32
1171.182
107.1032
983 1658
595,937
1993 1381
1584_1151
1886_1250
133_157
1842,1697
1801,52
1276,489
1008_1284
768.1706
8.1869
705,1269
960 1825
1172,882
250 1493
772.119
1517,1815
781.907
877 1283
857,869
1613 466
567,1162
1432,1792
117,560
1665 886
438,1068
129.908
1863,1993
1332_1423
406_1391
800.486
1067 885
647,1806
1304 564
841,543
1029_680
1458.308
1427 551
175.1954
656_1526
284.1908
92,1096
924,505
1978.1885
419.1842
1868,556
1254,487
356_503
479 524
901.1412
1860 1269
578,804
712,1226
1336_1863
294_180
1061 685
1104_430
1902.339
1196,1014
105.171
1475,226
1961_646
1061 561
1639.1198
962_961
831.1602
1056_1946
1376.2
903,332
1627.662
1273.258
59 1076
298,531
1160.194
273_1847
1108,507
1530_1316
482_1722
665,1538
1787_1083
1406,845
195.1395
991,1168
1757 124
419_17
1087_1731
1199 1111
458.79
360,1490
1205_1466
622.1168
1803 809
844,1443
698,918
120,371
583.944
929 46
1899 1996
131_268
522.1435
241.738
1543.507
1667 832
1577,735
1910,698
1088_433
692.dr1587
925_844
1887.179
180 1240
767_1378
931.1391
887,1558
868,995
1980,336
709,1033
551 837
504_1690
1918,952
1968_949
435,1564
1716_1374
1637_406
394.1231
922 1774
996 829
181 825
1078,1129
14 1746
1544.1102
1852 753
239_1311
dr187_1970
1460 1744
1465.697
1366,1827
1996.343
63,1444
1169 1850
1297 651
1057 1563
445_771
1124_500
1241 1855
1188_772
1411,1729
357,1490
231_983
1378,1552
783.376
1343.1441
819 330
1007,523
314_250
1195,36
1633.1082
282.705
771,1862
1126,1135
466.1283
1303.937
113.dr1587
1560,1782
1580.43
482.856
1149_274
456,1497
606_1467
1128.1814
770 1573
1348.743
1083.1333
1386.1448
1674.117
885 564
57 1750
1235 1794
493 841
135.528
893_275
736_832
849,90
174.254
350,809
1958,328
17 1274
93,438
717 869
1799.439
1652.317
1129.128
1589_1739
1094.302
819.808
371.1093
428_74
882 208
990,1805
1115.1356
60.1028
1687.913
196.1888
632,1525
1319.1556
1510 1654
1349,1323
653,974
942.1809
1086,1628
1422_1830
910_1336
1878.1560
1132,1903
1512 106
24_589
911,879
1622_417
1510_1244
855,1016
1017.1132
1982.1436
1585.46
281_521
1852,1532
409_1773
474,152
1321 1708
1803_1896
870_342
1971_701
527,1309
1262,842
1299,439
1762_866
170_1074
50,694
834_240
700 897
1656 1629
1062,492
1411_1311
1473.516
341,85
1643.963
787,1082
1490 485
296,632
801_1656
954,1810
1236,633
1108,1735
497.412
378 331
1848.756
1779 806
1571,4
1370_1731
657 1952
293.566
38,1697
506,453
1544_1102
590_361
1406,617
9_481
408.1831
934,442
983,1574
330_1252
233 1732
1315 494
236,339
460.647
1780,1520
618_1571
27,158
785.77
954.1703
1130_1099
975_1583
1950 1925
152 911
1218.1582
1858.1023
1560,402
835_1805
481,1282
871.733
1975 1803
1941.1083
164_1695
632,1890
715_747
1306.269
662_1819
522_1612
885.285
833.1338
88.711
1202_353
89 332
1402 78
456,44
1627_1154
1095 542
1152,277
1111_350
1711 663
144_1061
460 1949
715 324
1558_1282
461.1545
1166_346
571 489
359,227
243_1467
1664,1668
321 1466
1169.932
1499 945
1841_1526
1858.1027
1166_694
581_290
1011.196
1074 16
1292 1585
1187 55
698.887
1100,822
1648_865
252 1334
202 1885
1286 1125
1281 1508
847.563
1876.417
905.1075
405 953
191.1515
1188.961
1366 1277
3_955
1253.7
1938 1062
476 308
205_836
408.1283
1146 789
1679 1289
1440 948
289,1234
419.1388
1195_815
1187_474
1731_1512
641,1568
383_788
1324.144
261_1199
1200_1197
682 1357
1486 1630
1886_197
409.1702
1759 1880
1224.1551
678.490
929_1979
1094_872
1866 1080
803,1022
392,439
849_1648
147,993
1178,255
1953_545
637 1423
1554,1891
1741_926
127_1829
1433,1535
1424,1143
283.1252
1300.1243
1336_1620
1773,562
1855 1039
782.1959
735 1718
821,1174
535_1916
1127 1048
514,467
696.524
701,184
80_1318
1857,1949
1960_1557
1178,78
1618.747
1768,1317
1691_87
1983,1591
1035,490
859 1450
1781.1245
1926 1233
600 853
1815.1305
169 1694
1694_1638
1100,1841
1821_634
965_1176
1933 883
517_1757
530_1148
1695 1773
1430,841
526 792
1913,1269
1799.1666
1842,1612
717,713
233_992
387 1825
675_1629
99 529
227,1388
505.444
1756 1422
418,1059
1556 791
1284,57
1668 1145
1383.972
1200 349
1583.453
930 278
462_773
966 1288
559 888
844,640
1075,542
216,525
72_463
1360_1514
1059_1774
235.599
1159 1985
925.203
134.1854
1716_1195
1279 481
1730_1659
304.1596
1868.1296
164 1195
383,1324
278_209
499_806
799,1685
804_1437
752,1733
319,913
1670.640
489 250
1399,1676
1859,267
244_1482
152_493
129.1527
640 1775
1994 1091
589,1839
692_453
713.998
62_1010
1992,154
1956_1488
224.1088
152.319
852 115
1510_509
262 359
931.643
61.1051
1416.1125
1991.1242
374_1619
837 1466
1186.1736
1309.1915
373.1747
1295 255
1542_1209
1571.1166
1937_109
1292,672
279,60
1875 1207
1152 1080
1738 1858
1201_740
674_1670
1488_1150
613,236
1326 369
1327_665
374 639
1516.245
327_1245
1619 1095
263.1882
1054,1072
1335_1104
171 237
1385.834
1493 1961
1072,657
218 1759
401,1893
1256,1718
1441 1188
98_1204
656_785
567,868
1709 491
889_1622
739,1896
679_307
1440 300
1088 845
1935_1050
1429 1720
937.1946
1384,240
1742,570
1630,343
1879,39
dr6_495
1490 1057
1988,1122
1978_1439
1134 599
892,1032
500.1562
751.712
661_603
1648,1530
61,647
815_332
1142,340
464.1502
1971 1966
1356_976
1966_46
891 1003
217.1192
706.1383
860,1206
1913 1868
1268.1186
1822_119
1049,1163
461 1627
532_1421
213.1797
1838.1304
751 1267
533.603
60 372
1644 595
1915.182
539.156
1367 32
1981,830
563 38
708_635
1129,321
687,1439
1221 535
175 289
1328_1522
873_1926
417_330
1089 1918
1842_1977
47.3
1586.1837
1904,1046
111 1177
1977,378
1024,1447
1553.1926
1532_298
1496.1452
839_328
1875,524
1521 449
1425 459
1662,1605
1958 325
377,916
1067 273
416,1209
1085_350
1964_1550
954 229
487 1440
200.1458
1378.1192
1798 1892
883_214
119,1188
702,400
831 1185
1694,549
1264,1872
157,618
1503 1377
498 1860
889,348
1042_940
970 301
450.723
1496_13
1447 1456
523.1548
1464.1788
815_1712
1898,571
44_900
713_587
1853.432
1737_1074
1775,86
1562_263
8_1094
804_771
963,1803
966,897
1070 1017
70 296
1383 71
1654.1666
82.1434
1559 656
482.496
261_186
1595 1523
1786 704
188,1427
1238,1723
223 372
1462_1230
477,1852
124.1053
1143,195
1819,758
1756 1911
829_1827
900.967
891_381
1163_1632
778_1875
183.760
1081,1722
774_908
55.299
389_958
987,252
419,810
1242,823
593 220
16_1119
1803.1698
1867,695
299_544
887 1951
848,112
1424.1494
222 752
1892,1430
1904,245
1371,1615
703.283
1943,842
1006_1714
1273 449
1593 931
1955,935
1815,570
1601_393
1565 827
703,1860
618 715
1886.39
1902.1594
1797,1993
986,913
1266,593
1474_611
1245 1142
1926,1455
977 380
1340 1367
1005.342
1601.1442
1390 450
191 1377
1608 1418
1316.333
1532.165
1333,709
1832_713
215 435
668_570
309,269
1345 1820
1879 1388
1351 1962
1337.969
556_656
1386.1967
1985_1675
1191 938
84 285
742,1504
1458,644
367,817
1929 1403
824,1199
1032 837
1035 1425
1094,43
1961,982
1525 381
701_1303
633.955
1156,1220
905_669
185_1131
871.1835
1338_930
1653.403
523.270
546.1540
511 1481
1558 1946
1051 167
577.1376
262.214
673,997
261_1026
1233,29
431.804
72 147
1245 734
1205,930
1418.1565
96_677
1127,1306
704_1259
284.1924
1668_707
1659_1492
467,473
1015 298
1779 789
1023 184
591.1242
1359.243
811,1958
1366 1337
1825.1695
31 108
23.971
1742_1494
765 692
1074,1940
1731.986
1536_227
161 1010
550,252
1539 1486
536,537
1519 1560
451.116
162.384
1916 1412
1822 401
466_219
1461 1992
1680,1456
1910_1302
1842 1323
643,504
1839,152
1631 1194
380,8
1575 1474
798 1684
1052_542
991 619
1405.1849
1810_454
833 1459
654,359
1886 1563
697.1065
806 485
765,1726
594_1015
1294.1965
1071,191
1155,713
1416.881
702,458
114_32
882 363
444 203
111 1224
668 996
1531_1257
748_615
791.1840
889_679
933_993
1824 207
1090.57
773.668
341.1195
141 1566
1189_1770
268,1252
160 344
1757,1648
1800 1472
163.1937
867.910
1158_1197
1272 596
1065.1474
76 341
684,316
1650 675
1942 1473
1530 362
1070_1306
1234 1250
1030_1231
168 869
993.178
1779_278
1993,1721
1312 145
1843 959
1305,644
483,1451
1235_1360
1623.1605
1281 1155
339_970
653.1984
1281_70
1474,307
506_775
557.918
1046.1785
437,689
1411.871
1531 1550
1963.830
519,210
1393,647
1835 1428
607,1877
823 496
1794_645
1526_1818
879.1284
946 556
1270 657
992.383
1469,1888
1539.906
1939,554
413 640
1781 1787
1104 1835
496 1373
118,1414
421,1781
1063_322
1028_175
192,1315
1599_486
416,1725
1555 180
963 1986
1509,1231
308 1510
173 1039
96.1154
1161,1641
770,1583
347.225
1765,1623
215 46
985_1616
1023,71
1587,774
1864.573
985 1013
943,147
1592,115
1981 1825
1452.1775
1941.661
1406.1905
238 1657
1210 1022
1758.1786
1370 1677
1237,1434
737,449
1381 1865
1834_1311
1699.810
91,388
1267,214
159.1895
1637.1071
17 1884
1918,1159
1713_1352
43 1292
1157 1912
963_428
1991 1035
1647_1588
1669.1678
9,723
446 410
1253.1919
1795 1400
780,1537
1690 1071
1277_754
41 35
779 100
1824,321
921.355
738 1835
1447,1853
1981.1331
36.563
811.1182
1248 35
1448_1937
1480_829
927.1714
613 1450
1066_1760
387,739
1481_1933
864.1610
1047,425
1967,913
604_1800
1828.1779
861 362
1811 593
1127,1560
461_1397
482 833
50_1926
1084,386
1386 1878
994.798
1159.605
103.496
961_293
238.268
691.646
1699 350
1031.259
777.1283
573 857
992 867
739,1945
581_1301
1708 924
968_1686
838,1067
1379_1915
346.1337
1208 886
305_1411
768,4
559_197
339 1260
1611.915
1251.466
368_1204
1098_1816
37_858
347.312
1851,1552
976_798
1317_879
542 668
10,241
770,1444
339,819
1972 189
1993.590
1131.722
60_1127
763,553
1468.1930
1228,1101
1048_1670
1501.471
729,163
706_1129
1714_950
1061,1859
1206 1277
569,67
1228,272
1318 99
1160 1332
823.95
1124,1463
4.1645
1265,182
1067 1387
639 348
901 235
604_1239
dr187,1896
280_1543
1672 805
1583.1207
1653 1945
1822_1785
495_817
1957_1111
1300,643
1856 582
31_1682
46_849
828 1081
1117.1368
284 1010
764.1422
601.1929
1300.1255
1851_5
196,1929
1593,1311
1437 588
1832.227
486_89
786.990
1898_763
1982.1833
834,709
981.733
326_312
1709_1750
1377,1800
553 1229
480.795
1022.965
1732_1437
412.733
1612.181
1386_1604
1412_620
892.1182
591 124
721,1560
174.1499
1980 1713
1469,1818
255,1490
994,280
409 1202
1161.680
482,1995
463,1147
451_152
976.1458
95,1120
1525.2
97 1572
186,381
1115,257
1920 1804
1573 1466
326 1963
1902_948
1606,1695
1526.376
1305 246
201 1177
1348_1518
180.474
139_1922
97.1553
1266,1115
1678 94
1094_1108
77 1401
633.1602
887 722
1284,440
769.1669
1269,1295
494.1615
1677.344
dr6.1747
772_782
820_889
1697 1008
1545,1685
1713,153
1792.1757
528.1158
664,1794
1975,487
918 1470
1548_1295
1604_433
166.1480
1022,1221
1455,245
920,91
1708 678
169 429
1382,1515
1936.149
315.270
166 800
385 1802
1086,1552
778_1924
1289.328
1247 1198
1519_1285
1922.1805
356,268
1755.833
482.1063
206_190
936,1261
1837_1537
1073.1390
694_1835
1115,790
1095.181
1072,1718
945,1923
1173,277
876_1963
625_1759
345,1406
456.893
1277 1718
1235_1911
292.246
672,665
318,1028
1209.795
459_1567
173,412
639.1809
1271_493
372.1967
7,680
1976 1251
906.197
1817_439
869,512
1590,1668
349_777
534.1465
917_975
686,1971
1921,1840
275_1487
1504.252
612_433
739_1372
1979_382
67,1494
1792 912
320_1931
1936_784
816_223
261,1326
1963_722
864,1528
891_257
1686,72
119,174
864,967
1561.1938
159_1106
503,31
1099.629
811_1757
101,827
10.1130
575.916
273_183
1106_1174
732_1394
109.726
98,466
1543_1356
1375.1227
612,1238
1313.650
823 549
672,868
1552,460
1714_1954
1573 1310
861 711
572.833
83 1315
723 349
988 392
921,1290
414 840
1407.968
1503 799
258 1049
418.912
868.700
651,379
1303.710
698_1641
801 450
271_1052
826,1877
1022 1005
1408.981
1865.1028
144,233
1886_852
415_1063
1276_18
1119.1997
1397 319
572_1961
1318,1028
617_1419
291.884
440_1041
1141 768
1435.413
844 403
674.623
1105_1238
205.1656
1924 1739
661,129
172_508
1982.321
309,466
1880 237
509 1742
179 1983
719,1464
25_1717
1093 1081
868 23
1494,846
1422_716
672 1004
dr187,430
67,1329
353,1856
468,1491
1858.1825
1673 453
1023_457
1424_1560
480_1544
1184_1511
292_86
179.752
1720_304
1559 1851
157,1727
1621 1606
1670 1312
843_1959
1139_1117
155 1071
1023.1659
1724 1747
200 1967
731_1379
1116_1483
407 182
488_191
1383 1212
1994,1702
567 822
1446 825
190 485
1945.1346
1469.1715
138,1459
597 280
408_124
1096,1256
1691 1360
1948 141
1378 974
358 551
757 24
244.1188
1199,311
1440,633
338_699
1110_1543
1857,764
1901.1383
853_1035
1975.1974
1953.1827
709 496
192 1599
1168.966
221.951
990.799
795_1964
1601,416
1193.1743
1996_592
854 1430
893.507
1415_1
10 1671
980 1309
1080.159
1693,716
1214,1669
686_956
1924.302
378 1131
337_657
1592.1203
676 1416
796_204
580 1463
587 1837
975 898
729,152
1597,856
1756 285
1384 832
706,283
1167_1356
1227 1639
370,1555
315 1936
248.1085
1763,1600
681.492
1284,1714
747 984
1081,1818
1285,977
1418,1476
dr187.750
934,1307
566,397
1282.1463
1799_1970
1273,1558
44 261
455.141
1452_1161
1011,573
253.187
457,670
1882_1029
338.1308
46.219
314_932
623.1751
965_153
1298,1384
318_699
649.1048
4_894
678 1850
1992,1577
846_891
865 656
405_1119
1109_692
816_121
647,706
496,1635
174,200
741.258
1413 1738
1230_1444
1350 176
442 1732
863 1885
1386 383
565_629
910,1634
1193 1598
1586.937
328 267
1428 1308
377,1577
20 115
158_1698
186.1006
1873 293
1676.325
745,496
1087_559
1662,160
912 1358
1238.132
969 1631
936.812
1397.638
1153 1678
1499_373
734.175
148_1096
1250_114
1309 12
372_1984
157,831
1525,868
1117.1904
4.949
676 1459
1426 726
1547 1089
408,1057
321_1840
1025.1349
234.1068
1575 418
1033,652
1696 91
1386.1578
459 1312
1907.1780
1148 518
26.271
dr6 1369
1677,1706
929,1982
1779_856
1764_193
1813.1973
855,1132
1463,1336
938_1982
893_124
1969,1678
1184_1272
993_634
190_1464
732 703
493,1714
854,777
598_1630
1946_1420
1038,322
825_1682
1525.510
673_74
472 1937
1465.1667
1161,1395
828_1052
1067,518
513_1236
226.608
1349 361
249_1330
1721,1732
1624 587
213.691
1113 1472
99_442
1249.112
1793 682
401.606
151 364
295_1677
1737 1095
906_387
742.1107
1791 653
86 478
1221_1222
1504,999
1245_1500
1977,1699
1586.1264
1915.1934
1835,1518
196.118
1769.519
329,679
369,1764
542,1361
1529.1951
1148,766
1942_1893
1088 1206
dr6_406
929.639
877.524
334 815
1703_483
750,1428
388,1868
91.613
965,371
1154.883
959_181
1844.1627
503_1433
1296,1368
58_1769
576.540
305,536
1535_1962
1428.1512
74,839
293_1655
40 1937
255_780
405_1267
410_426
1365 1948
172 1962
338 1670
1089.384
1323.1001
796 1807
775_1784
605,1205
1708 549
1417,1050
743_1629
1338,365
1236 1019
28,147
737_744
1822 963
1702.1297
208.544
1760 1652
1107 1204
410 1204
1132 1688
725 1765
1327_884
621_606
1431_1135
155.995
1714 1780
797.406
940_149
912.607
1206,245
664.1005
646 146
1220_1910
397,1685
552_1809
302_42
969,251
1387_828
1205 674
103_609
1326_1770
1612,75
351,1529
467.691
1984.1472
136,1081
1487.864
1974 1196
775 495
107.258
1217_68
273 1462
1473 933
552 1734
248.1375
1746_605
295_612
453,50
486.1098
1920.1539
1154 597
122_1862
1790,1030
1787_696
192.1774
922,507
736_1395
1992_1858
1087,1324
1708_888
1192,1378
547,1757
1725 1314
730_681
972 1245
1445,1559
1780.312
928,1571
169,1918
1406.1555
1542 279
841_1615
529,836
1093,880
1633,1161
1258 697
458.585
322.605
1017_1542
1610,1006
1614,248
853.436
422 1393
1217.1639
1011_1284
568_727
1025_1386
1044.94
1726.1675
712,1348
855.1669
1131 291
1634.641
809,1145
1026.1713
897.401
1271,1553
448.603
1111 364
209_91
1872 581
1795.1297
1561 1433
778.326
805_719
579,144
1745 1564
881,1019
1137_1832
1666.1212
319,1813
1245 515
1426,1293
952.2
1768 416
216_1958
1347_1297
1400_300
773,934
1624.872
1408,1204
440_74
1581.1029
1092,314
1389_1483
982 802
535.115
1291,33
1451,1153
1438.524
439,408
1945 1118
400 99
241 1700
1612,1874
826.819
298,561
1736 1796
379,1146
1673_1494
568 616
1167.645
643.1164
1642_1389
1037_1172
1957,91
1509,1101
170 797
1515 298
1591,35
1606.958
1776_615
223 43
597.1874
1212_1125
1492_392
935_44
1205.547
1033 835
102,1077
1013_1994
1725 260
448.1384
1601 1545
326 1075
212_1958
843 1948
534.1475
1100 935
1440.455
493_1567
892,88
1563 1189
803_358
2,696
717 1849
76,1914
1847 1210
712,420
1748.729
1221_635
562 903
401 1373
217.919
1754_1451
43.1975
176,1715
1335_571
810_1328
738.1001
196_142
1084.1896
1424 408
1846.1729
477_153
247,1830
1980_96
1193,1107
801,243
1832_1313
1958.749
1319,1397
707.1080
1321_1867
1479 1675
1724_1689
712.1526
1506_290
635,1210
444.1867
526.1009
1841_1718
639.1024
1940 133
1299,1376
1072 179
1259,705
502.37
757_777
1480_302
1140,1715
1930,1136
117_208
123_1046
489,198
1352,1486
570_934
1463,418
896 792
1707,1513
12.917
446_1338
1461,1230
1368 714
152_1344
618_1692
1670_118
325.858
1313.1087
869.1237
1078,513
798,395
786.881
1278 864
4_373
1993.457
1302_1379
303.71
159,984
625.1512
904.678
500,1084
1232.673
664.1603
1589.485
1133,1468
604.816
1246,678
20.1436
1852 873
1165.566
598,193
199 1180
1010_345
932_1718
17_307
1544,1412
1691,519
246.1154
1195,1638
937,1970
850 205
1160.474
1642,1796
1984_1391
1798,1363
96.263
1069.1950
967 1954
1540 1120
369_605
889,1869
1109_339
758,163
1787.182
1816_127
1571_712
1264.197
117_1731
803.504
710 549
35,1687
175.710
631 890
813.1013
562 1259
993_18
1628 1290
1119 1054
153.1864
626.1851
1097,1193
748.41
1141,1974
1358,1554
939 612
997 1032
358.763
255 240
669 1569
18.440
297.1993
1150.1212
426.1134
1831_686
314.61
1759 990
246.1856
442_1831
1215 1758
1279_1163
1396 1965
365.1199
631 695
563_899
1881,558
1563_684
1272_1114
1590,670
1974 461
91.1740
1264.827
678_1821
635.1247
1110_641
1034 1773
1155,1492
479 918
877 1350
1530,324
574,1053
452,1038
1458,1394
540_14
994.144
1040.1657
106,690
334.824
314 1190
687,481
1270.1932
1781.962
599.1027
1757,1602
1892_998
501_871
1075,1067
1432,602
1022 845
1906 1109
287_1189
1978,1415
1077_953
1131.924
606 725
845.643
1954.1238
221,1997
484_1021
1104 1638
1458 1063
1229_1193
567_dr123
302,80
1557.940
1863,1756
376_453
1158.1241
1771 1275
204_1854
1670_200
926,1727
1826_467
1520,333
840,8
1657_1396
279,52
1032,1666
61,361
1936_1130
1104_675
986,869
969.1060
1078,612
299 738
806_774
1302_1117
524_1714
174 388
987,531
1181 1849
635_1344
34.1222
300 1464
488_1652
328.1540
678_242
1848_719
1549.520
618_1034
1333.758
48_236
1729.1777
1183.902
1660_794
411,1052
1551,117
1382_1246
755 1287
333.435
1868_1721
1422.57
926 11
222.1384
1024_102
1908 320
1800_1713
1470_119
859 450
1187.743
1732.1399
1822,970
1001_51
892.1664
1433 928
722_507
1948 1445
845.661
1392,656
90,1457
253,964
1382,1256
1572,622
1879 1582
1958.557
431,705
1566 27
865_1819
872_935
910,203
1571_266
1119,1527
1275_951
1245,1236
1476.1633
696,1338
1664_1000
369,1335
729_1204
863 1225
1655,177
302,239
338_170
1379_798
486,1159
1182,291
1922,703
1563,1951
943_955
1961,960
1569 1649
1400 1025
4_1623
1447.1680
1621,719
268 1248
353.441
553_621
582_1236
976 1940
1406 1913
654_1689
868_1529
619.987
377 1407
1417 1670
126,961
1558,678
1892 1685
201,1285
297 1175
1268,1514
680 836
265.1302
834.330
1846_988
845 1122
1710,1075
409,273
1076.1713
1949,1216
1960_1329
19 274
688,152
1821.410
1384.428
1828_1493
1660 670
1295.159
1913,102
1854.1775
51.1877
558.1768
738_1940
1569 1969
1709 217
895 1421
1487_813
328.1430
1939_1128
665,458
1639,1767
1557_52
634 740
1593 712
353.504
913_83
1364_495
349,1664
1209,1838
1579_1666
1833_1131
898 1650
455.1012
1955 239
1949_1636
1364_603
311.1402
43,1293
962_180
1898 685
1243_983
739.1832
854,122
1860_416
53_438
134 1533
1823,670
602_509
682_1650
189,1870
75.1821
1770.1795
1993.952
1799_1657
892.452
134,474
1601 864
1787 1520
1399 1956
672_1756
1912 319
1971.1772
133 1514
635_875
1649.404
893 884
698.1521
567_6
1790.965
568_818
779_589
912.61
1052 1213
1889,765
725 1534
1243 459
932.1452
1216.969
992_198
471_1851
774.1764
1771.259
1433,448
1829.539
1481,1492
1662,833
1527,1078
347 916
773.1931
476.591
1629 1206
98 1843
1930.82
1534 1053
1029,1434
306.633
1298_1966
1998 1404
517,1241
80 182
90,1257
1943 416
1219_1847
1276.1244
1111,1236
804,1880
700.365
1712,760
1819.1683
1115_786
1402_781
736.1555
799.989
1037 786
507,1421
1011 894
516_487
724 777
230.214
964,452
554_660
1520 474
1776 1
1745 1232
1306 211
1991,1120
564 23
1237_55
1431 1309
704.500
1513_1163
1403.1224
151,658
451_52
581 572
521,1255
1480_503
376 1958
1271_275
959,1073
502_70
1729,1714
1498,399
1475 1601
1442_586
1806.230
1372 737
1251.1097
837,45
405 364
214 80
606.404
1883.808
307,1022
1901 1986
519.832
307_15
218,690
1519.1372
1215.464
298_1566
671,696
530.1312
1350.695
496,396
344_1177
142_906
1670.280
651,995
1896,147
1442 1502
1027_306
1825.769
720.1575
683,39
1259.161
1034,1718
1659_221
1800,1127
1503 887
330,18
541 581
610,1472
1140 50
756,307
1008,1959
593_85
625_462
578.928
84,1597
1537 807
540 770
554.1357
185_788
1052,1382
667 352
83 900
739_219
57.1883
1132,1261
301.1699
1522,667
1961,663
569_1848
1591.640
1812,1405
1481,723
1269,1360
1459 1198
1025,481
139_1100
1092 1253
1101_627
185.259
1063 50
450,648
817_1968
837 1680
1478,1732
282_807
1811,1556
1056,591
1239.627
616.1016
1600.1558
585 836
1555 409
758.1982
1034_180
1919,1494
1250 348
760,1665
1625_1621
977.1945
1128,1260
205,863
838,31
360 1742
1601 30
1131,296
1786,430
682_175
1745 155
1885,1679
1947 795
1508_895
1632 1953
1828 36
287_764
76.631
714 1885
1695.886
1873,1782
923,1188
1885_1835
416.1949
1114_612
1627_1411
963.1123
1268_1134
498,778
1497.1159
1350_57
1847.335
284 691
1472_1322
555 1736
1770 1714
775.1947
1544_312
527,1107
1978_566
1689_562
1043_1539
182.113
535,480
1728.1542
1451,1143
1018,811
1958_1152
809.435
1971 870
664_1868
1995 280
218.1554
1168,598
1966_1805
78,511
851_179
986 94
1848_1043
705_1259
854,737
220.1641
1089 1486
1620,1701
464.1449
1388 dr1834
1150.360
1965 1950
681_1918
401,678
1406.239
1711 1750
14,5
1960.904
790.857
1326.1125
71 1680
1065_1334
209 778
1284,186
1691.320
1924_1162
795.236
28.1816
40 148
1867.19
1238_403
384,1689
1271.609
1395 929
dr382 818
873_450
1748 325
1156 1688
46,1591
394,1534
371.1444
834_1861
925,1319
2 766
1751_1926
14.181
1595,1375
1349.341
1125 163
1493_716
445 1487
142 1641
750.1621
1787 713
800.620
970_1949
1010,928
188_1774
417,297
108 307
1016_1048
dr761,1510
1202 170
1473_887
338 1112
163_776
977.622
1511 127
1302,1250
414 1505
618 1808
1816_1941
1776_640
1836.1687
212_1042
1892 1086
1084.1710
1547_1312
385.1437
1480,285
632.1306
613.121
1799_1536
210.121
1919,81
1388,714
275,1707
1189 404
1977_671
1991_224
389.240
1271,1509
1493.11
453,1659
1614_1198
973 421
897 1989
1380.1327
845_1555
1576 429
681_1973
1237_79
384.709
1511.392
996,841
823_1963
1647_1491
736,12
101_1202
437,1315
557,1542
1796,27
1029.516
1574_892
768_1351
278,256
439 545
984,1655
71 1636
464.1357
1948,984
1858 954
562,860
1019.665
1613.391
1420_1599
1333.1467
80.414
1279.1795
515.961
1134_732
1784,968
777_1752
694,1710
589 1489
132.1378
522_938
1807_862
379 1225
1298.1345
1438 1518
775 1466
874_1830
1429_1868
696,1086
1155,1232
740 544
1848,1675
817.1087
316.652
248 1187
1767,771
1751.376
70,1145
662.1417
1858.1387
1530 10
793,973
723.1997
1398,640
376,1151
988.1323
928.693
498_1357
1778_793
1036 42
317.930
1996,1519
1950 1360
80.1020
1986,717
101_732
867_1775
1614 450
1125 1017
376.1354
347.931
1575.1731
495 88
594,1253
123_1145
659 707
1.1364
1894_1602
1415 1691
514_1161
1372 1812
1272.472
1865 1983
1432_273
1333.1824
140.534
1593 1957
1835_1977
1935,842
883 728
975_531
595_576
298_482
441_1786
1692 1046
1558_1041
1921_1214
1238.166
991_479
1237_133
570.266
663 1699
1324 1152
640_1663
269,107
400_875
1759,810
1082_442
1615 1779
889.374
103 524
993_1829
32 1113
1898 1884
662.1922
646.1352
903,1664
861_140
1021 1600
60 1542
39.1209
694_212
1213 18
520,1627
307 1662
1513.1745
1041.1385
1228,88
1365.901
753.1934
1135_1788
873 1074
1748_23
1664_1393
966_321
1896_1105
1754 1091
1328,1576
1082 494
556,284
13.1356
1693,1099
211_632
239.1307
541.402
1492,546
1165.624
1086 300
1396_104
1780_1950
1904 1405
907 1264
372.587
1576_301
1464,1394
1174.711
1714_1443
7_1039
1719 1861
768_1630
1192_1088
1201 1566
1135,225
965,1602
767_1515
1854,274
421,1153
1324 1381
595.463
1836,137
1176,1697
1653,485
568 843
428_1052
1559_955
1863.181
705_110
978,1191
1161,1123
1645 1692
729,22
287 376
47 1480
691.593
1475_894
1573.448
1580,1455
842,433
211_891
1471,304
1085.1478
924_1679
1527 874
323,1650
139 746
997.1827
472 1921
253_1600
950_1965
744 262
1538_424
16 1353
597_384
1634 418
1579_dr123
788_1895
1504.1040
759.400
951 1878
639,1958
1143,425
878 705
1873.1284
154_1990
1140,620
1202 966
1566_829
1625_1673
1748_310
95_739
1939.403
1886_1680
572,375
1758_423
239.1120
1298 1239
607.547
1654_1552
683_455
425.1529
660.865
1992_1634
1476 348
1898.645
556,53
575,771
1471.240
1074 793
1271 1977
486 1435
1717.280
344_275
657 1133
1090,121
708 159
263_1517
1788 1730
1094_1442
1183.1631
1757.1774
25_1409
1556 1310
82 110
991 978
1310,1536
1488,778
1060,1707
868 614
1036_1699
413_1667
188.158
1074.683
389_1336
1127_454
637 164
304,906
642,1846
115_1275
1173_1980
1360 1695
1033.1114
1025,521
1575 232
1520.1289
341 743
357.668
257.1723
789,1174
1736_1361
532_1004
209 1204
587,132
83,445
169,1759
1721,1885
981_42
1965_1967
1453,1910
1705.1130
372 1709
1050.1545
1300 684
276 1241
1727_1783
1419 788
242.1730
1747 538
470 1563
1690.789
1489_464
1903 1524
348 1404
1665,823
1126_941
1891.1037
1048.836
824_327
487,951
1110 1483
510.89
947,1369
867.1942
846.691
313,130
502_1278
935 1491
1065 149
1652 272
1160_1016
48.781
1918.1803
1363,1072
1276_1427
1642.707
920 437
1092_1221
1959,1416
1515_277
1804,1178
1386.491
1491_344
517_1917
328,1524
383_1598
1690 1530
1103_35
708,320
396_1714
421,1626
407 358
1677.986
671 1780
1019 471
1854.173
1492,1129
385 790
1615.1297
392 389
1727 308
475.369
954,1589
1270 1997
1662,505
dr187.1339
16.29
74_1028
454,445
831,1120
1926 959
191_1996
210.1246
198,1013
808 1113
1370_703
589.745
711.1152
1280.1232
26_1783
1334.944
439.301
746,219
1919_1156
147.36
4.482
1756 759
849_1614
1231 818
1200,1658
443_993
1241_625
534 997
979_775
1232_163
700_512
1301 561
489.1097
417.1604
657.170
792,415
1772 1668
819 631
1433.641
19,274
822_1799
949,1895
686.737
1947_93
719_1599
208,549
1345.1637
373_1991
1559,1058
754.1239
1516.813
1444.1637
1191.1808
1025 1909
1577.163
873.1642
434.220
564 1530
597,1493
1036.389
1754.945
1029.573
461_52
816_718
921 1032
843,355
683.562
138 439
150_654
204,1626
1221_1714
1450,1172
984.1467
1910,891
1674_400
1211_1518
980.214
1270,148
1378,1017
1678,786
918_1996
521.265
1785.222
860_1513
23.1160
1047_893
656,1386
976.1788
866,1830
552 1449
1449_1578
875_222
1723.840
1014 1505
1061,884
1785.1197
1239,978
298.1911
1171,1047
1690_895
1161 297
170 1526
1631,1353
308_125
551_110
519 1155
61 1288
844_1479
497 1841
301 1787
584_368
1548,108
514,1673
1851_1213
4_738
902 1004
1533_312
586_1851
1108_1229
1839.916
702.1188
897,90
433.1759
384_94
19,522
1999 794
1712_1819
1950 506
dr382_163
1529 1355
694_1750
1922,1540
1762_1361
331 997
419_1012
1340,876
1439.1195
868,1947
1537.276
1592,4
1746,940
497.661
879_244
667,322
293_227
1892_1168
1158_182
224 651
1415,1164
1684.1931
1264,906
371_1008
1617.1044
1261,1671
1512_1293
935_1695
973,194
1546_611
1770_279
1707 481
700.1881
1766.1403
720,762
303 1091
540.450
1259 1444
974 909
1790_347
1403,1088
1689.1614
1858,1552
445,786
628.1316
383,1837
1156.1538
471.0
748.1703
63_1981
1086.118
708,1153
192_958
1844 585
1024.1868
214.618
118,544
1398 926
811_35
267 1199
870.684
1318_1930
528,1875
714_1501
1340_174
1260.788
748.1792
1997_87
1780,1513
1285.607
234.1026
1894_519
105_839
18 280
1422,1129
181,1563
1506 1588
1491_241
721.326
365_34
1043_1937
586.1040
870.1869
990,553
1013.1612
500.1664
912 1774
1574_1279
1931.1301
1226 443
166_90
170.889
1577_164
1101_1625
1660,1002
1385_762
601,1072
871,1729
855.1859
808,1068
597.193
1158,50
1093 1342
977_1324
1059,1709
507 1334
463 267
124 1901
1865,1880
1576,955
1764_1149
1016 371
1094,1500
432.1046
1003,1688
1308.81
1377 1569
1296,1902
1900 1262
303 826
634.159
1508_969
180,1841
1838 809
418 583
283.1694
28_122
4_950
49.537
867.431
381_64
1244_1678
267.1782
dr761,713
1114_1148
378 245
454_1198
672.1443
33.1969
1904.1730
52_252
603,952
328,321
1093.239
833.1862
637,1658
1976.1138
440 581
961.1530
1493.1373
1681.1575
1739.1592
1680,1434
623.612
834_1874
644,1084
574 816
365_1459
539,1582
1205_1387
526.149
188.553
841,307
932.265
275.981
283 1296
85.554
1037.1407
1263.453
846_427
321 1560
763,1160
880,1405
967,1380
1257.975
1486_756
0,121
1517.745
410.504
911 1711
1728_705
1743.1290
1817_420
56 1637
313.801
425 57
411.569
1416.1660
888.588
1263.597
661.370
1850 54
1693.210
1854,299
56 231
749,985
1608.425
1207,355
1186_819
966,197
920.64
303,235
1195 107
474 346
1480,774
729,220
1763.1428
1921 668
1246,1202
1245,1502
1485,245
285.1852
250_708
537,1297
50 1747
1873.1900
1329.305
1709.1491
685_899
997 839
1149,1813
1948_208
1942,1042
958_898
170 442
133 354
373 1544
1763_235
71_1486
938_1229
1581,995
1266.84
894.297
1152.1679
1051 1799
1561_1813
1848.1491
844_554
258 1626
105_1076
1769 268
903.694
1388,1830
1550 1257
316.446
1263_1630
311.1503
450,394
1220 1254
1830 1678
1250 1228
152_1816
664_1545
768 352
234 298
925_1916
385 138
1278 265
1405.1155
1073 586
1195.560
767.332
1203,1413
732.1672
1116.1837
45 17
1996 407
1716_355
109.849
1997 858
754_334
1971 695
363 597
1272_1836
884_486
1358.17
577 60
158,781
1652_852
376 203
1214,1516
290 1095
1526_1567
1565_842
1125,324
1385,465
1982,1494
1860,976
1086_126
707 1085
1452 260
1877 1810
1760 1500
659.730
1327_1815
1120,1245
768_1079
1298,80
155_1704
1174 1986
354,1275
1784_1610
528 1693
1290 802
1602_1671
1964 668
545 1346
408.1280
950 681
994_730
645_1837
1070 874
1867 1423
1164,378
374,1112
368,1740
1009,1200
160_462
1804 1506
254.889
1373 770
1537_1401
494 1078
1481.1647
1027.125
1841_629
860_100
1483,1310
757_997
1244_1877
84.261
749,108
611 1405
1608.261
519 401
842_849
1784.1791
1231 515
1694 1973
281_226
1702,1361
1126 625
119.1448
80_788
326,dr1834
1280_1313
94,1252
525 1447
264.1115
1523 965
738.826
1367.1172
170 1441
500,681
1870_133
1082.365
1519 1583
342.791
72.776
920.1816
1127.81
341 1982
770_667
3 735
797.371
57 70
419 40
1311.1039
362,1145
957.1932
1016,1100
1117,1699
1997,528
519_846
644,720
1659_1397
1501_1866
874 315
1322_1023
447.1576
292,1280
1838 1153
235,362
1243.461
977_1784
1784.1770
233 1758
899 472
817,382
910 973
1919_1199
1811,774
1585,968
1243_1414
338_1366
1140_1990
1164_538
104 363
960,1772
1030,409
1028 208
1011,1652
1579_578
1039_431
424,19
240.1644
1194.1649
314.792
714_1019
1174.1617
901.1332
947.1932
1763_1579
652,557
1523.414
1607,1263
1469,1283
1450 360
1370 973
722,1053
1716,1383
1060,1539
1979_1525
1000_261
1665_1158
8_218
447 801
94 1245
1770_861
193_862
298 75
42_1867
1794,1442
1147_294
1986.1892
1021.1907
514 1045
174.281
1844,903
1993 314
1563 1433
463,609
780_224
645_1342
177.1497
586.374
1559,466
1222.1127
268_142
1652_301
767.1533
865.1718
1172 1349
1508,1141
233.1974
868,1121
1169_934
1753_1733
1991_760
1211.1249
934_120
1039_1357
1725 1088
1127.144
976_665
1330_894
666_238
1121,1482
1176_1106
1852_143
462.1470
1060_966
794,1375
131,1814
1514.1486
1601_1737
1145.949
707,601
1393.1394
485.1569
904_1300
19_839
145.1579
1837_1889
1726,165
1899,527
742.270
946,1045
494,790
987_1668
1427.616
1960,940
345.1704
1262_130
294_1862
1497_949
762 898
69 201
1455 811
184,1664
1301_471
967_844
388 1570
440 1226
148 1323
973_1021
1981.1019
1107.28
1431 1403
68,320
1951 138
590.696
1422 579
372,1458
767 226
658,521
173_1425
933.877
1517,1465
238 1950
420 880
1656,402
1826,892
65_444
1873_504
603_314
1471 827
1933 1141
796,361
1646 1618
780,1127
1262_593
1174.190
dr187.762
339.1503
1552,767
1925_1863
633_529
1934 1250
294 736
871 1255
1337_296
348 198
879.73
603_549
1889_169
931.1167
700_1274
1790.359
125.42
762 995
917 248
1647 1745
718,555
1246.1954
418,1211
329,1604
1858 193
1542.682
1758.350
994 697
891 678
1454.1679
1774 1385
37.517
1410,214
1413,705
1416.1476
1753_895
500,655
60 1888
1255.1970
183_1622
1165.605
1379.595
1939,1392
1337 1831
1384 120
234.1325
774,480
1324_402
1744 484
1785,1992
482.1599
1451_1764
1416 1676
420.1075
70,695
dr382_952
638_243
502.30
1960,314
967_655
726 624
49.735
117.324
129_840
1627_1068
1272.1796
956 1187
492.1361
440,482
1585_496
498.47
1056_963
412,203
610,1947
871 1272
1685,1876
1907.1180
1679 1353
445 200
1891,1807
1433_165
390,1604
1649.1262
1620 359
1729,544
127.653
763_59
267 897
316.1420
347 1093
984 965
793_1047
1852 1948
1120_1826
415.1807
35_33
560.1928
119_485
121 841
1690.855
738_1686
794,351
1283 129
1552,1771
1587.1550
757,1611
677 1278
1803 1066
1280_544
1727 1535
1533 316
768,1625
181.571
589 1331
590_1169
918,852
295,820
1868,76
363_1124
1757,1930
1383_184
1154 1338
777_1996
626_1757
1786,1207
1608 1621
72.468
873.446
1213.1526
206,1406
90,1778
1711.367
1070.1144
1570,1049
1461_486
1666 1512
1789.1153
dr6.1807
1579,1117
1478.51
1545.1729
70_698
1138_dr1834
958.1244
287.256
1387.610
1366,1174
589 264
1140_211
231_379
1843.1996
223_1887
812,66
1957_1545
455 811
1663.29
1099 1084
1141.1651
1580 561
1087,1114
1967.1570
1977,1228
764,1609
1878.530
1848_131
22.521
1957 281
899,568
1687.1186
3 1284
1269.1890
1540 764
588_1770
639 1014
728_621
954_4
308,1057
1051.635
1300.199
164.1359
838.1321
908_1751
446,1809
1901 301
902,328
962 718
1038_94
412.210
186,1736
1922.553
550,609
656_1090
1106.615
1956.43
281,1307
237,1727
124.1844
194.1803
1471.390
350.1366
589.1243
118 676
1453 41
592_913
1139_1031
823 1920
874,721
511.1662
1647,538
1288_507
1252_1696
537.197
472_259
406 283
410_1805
1716 1262
354_1268
308.149
523,1040
790,777
533_1974
1708,1922
1172 1200
40 1
657 931
923_1912
527.739
1326,993
823,1398
1858_380
399 826
816 1695
602.474
669,461
1681 1838
1605 1789
1244_997
842.1812
757_1746
26,468
605,1800
1264 1726
1075_1455
278.661
1078_1276
706,1460
1985_1054
192_1088
1419 404
871,1386
953_446
695 1406
1446 1842
1774 795
1888.187
884,1539
1961,32
907 1805
1257 1902
983 1107
1811 486
1393.760
272 111
1412 733
1371.1977
787 249
1228.428
81,734
466_79
868 621
1669.77
630.1269
185 1412
1983.1825
1836.1374
1352,1308
843.817
1963,1357
1664 1919
923,255
1870 114
215 761
420_1348
891 621
1643_681
1733,1871
1446.652
1583.1716
549 28
95 295
1620,120
1042 1458
301,1230
44_682
656 451
1846.206
827_21
292_326
266,256
1950,94
1792_1169
1600,1223
1749_732
1423_506
768 829
399.1310
1947,1945
763 1302
133.1133
1214.1875
818.988
1251.613
215 1211
1872,1118
249 1389
240,306
1711.823
1117 dr123
1524.1121
1541_49
1809,225
451_51
538.1885
1772.1658
625_701
1022.318
617 608
1219_846
55,1675
1037 526
856 1109
1161 842
1748_1096
1290 559
147.1517
1538,1137
1134,1214
253.1138
284_222
316,1039
1679_1885
663_865
1429 818
1732_288
561,107
590_101
1682.166
1473.1384
1070 1238
34 906
1012,180
531.324
203 1788
899.1963
9,200
1505_1175
1340.1436
228_641
1656,116
470,1031
1706,885
1784,1007
1217,1881
1951,1150
441,880
1280,49
521,667
986 1973
942.1395
630 1978
1564 23
1125.786
837,251
1137,516
227 1835
456_316
136_1182
94,234
1294 1466
266,716
643.4
1775 1289
1699.1107
1925.76
316_1417
1915 1197
1741_85
1517,660
760,1929
170,191
1209_10
1355,1799
1809_384
563_467
177_1957
202,805
171 483
1276 312
436 1586
1987 466
28.1943
1589 592
1078.1280
1779.253
1955 454
1609.168
1577.1765
878_1203
809,416
571,1433
1542 1190
1910 698
956,589
961.643
685,201
197.1506
1475,836
871,867
1056.770
588.110
291,1360
203.1955
311.1839
479.1561
1959_1111
1609 392
677.680
439_348
1733.480
794,241
576_1086
1082.277
1397,24
1174.946
1318_326
1361 1818
1269,1415
1755,440
883_747
1535,771
1968_1501
912,1086
1704,1350
1283_894
68,28
819 453
1470_67
1362.308
1833,1081
1476.1178
1904,1209
1050.257
1959 1692
1268_1114
1023,141
1742,1658
553,632
1078,616
728 1964
849 287
357,1152
584.375
1848_1899
1371_1577
437_1312
1845,1738
1960_1669
1181_1398
615.428
1058,384
29.1737
1529.1079
1176.161
1499_325
1119.805
1819 483
1751,1501
466 1035
257.1771
501.989
1085.1412
573_1951
72 71
1203 201
1394 25
1 79
237,258
546,1860
754,14
54_1153
726.1806
1110.1146
726 1105
1135.871
1482 1510
1296.954
1127_796
286,646
1865.1065
434,860
501,737
715,301
530 603
840.1339
1821.1431
568.922
1287,433
619_1350
689.1981
1210 528
932,319
1884,1849
1833 1025
1261.13
213_919
882.273
990 1956
1933 1695
429.904
778_117
1967.1108
917_1934
1643 953
1665.297
4 831
1310,588
544_553
1688_1940
120_1593
1582_177
1844,1965
1499_1002
347.513
1138_43
943.93
375 748
1724.77
881.1209
1692_83
319.1379
974.983
615 1281
1121,985
754,597
745,331
1618.1519
369 102
1861.679
1241,1192
1365.661
443.541
1535.1192
171_888
1471 1387
1204,346
1086,343
1947 613
1695_307
455 130
620.1380
1107.1233
1823 1878
1318_1374
118 1498
1605,1768
738 1813
464,1612
1474 709
1329.1853
1043.847
1419,218
147_870
1146,151
1940,1785
356.151
1828,779
378 1392
1144 1843
906 784
102,885
1197 177
197.542
1330 284
1583,1194
1523 1476
1617_947
828,1133
312_1921
535,1391
1839.119
1979,92
666 293
932_1137
1791,1923
1401,1080
1789,1769
1231,771
536 1863
1953_162
1254 1330
727 149
1243 1798
15.1680
1635_811
897_426
766 132
27 1236
413,154
1255_618
457.1683
1756 1200
386 88
376.1324
1560,54
463_1425
1670 758
931 406
838 1572
1743_1101
1084 1347
932 1129
570_1653
1207,1651
669 819
713,1685
713.578
1755.534
1757 579
1333 45
880 335
686_989
686.1663
1803_1935
916 155
869,146
571.141
1375_1804
1088_1727
944.412
1514,1163
1789_279
610,1917
417.131
1014 555
629 548
171,1288
814,553
1502,8
1318_696
1993.649
441,392
663,809
1614.272
1483 1065
1912,739
1314 603
1515 1048
873.577
919_869
163.547
579.1282
1045.1990
178_552
422 569
744.1688
1562 1931
55.1419
1367_185
80 439
1207_1574
832 1436
1926 60
456.1809
816.1852
1703 1877
1948_28
1103_118
74.1568
635 1054
1190 1580
440.1271
1113,334
1543_919
515.1630
417.1520
1407_510
1002,1561
1108.1607
457,1752
395.1147
1834 800
1945,694
1190 1375
356.506
906 1087
1931_1803
1659 380
57_1232
643 104
739 59
784 1289
255_1764
487.1422
1837_1080
1699 853
dr382,1164
457,1873
1857_1477
820 1101
864,1595
1473,798
39.831
1574,255
895.1935
596 969
573_320
1273_580
1906.1904
809,543
272,1542
781 288
dr187.1164
127,1780
1804.841
168,1824
1721 839
1986 206
1785,1601
335.1031
1597_519
1300 1605
1082.1487
1339,926
1219.1654
1265,448
1660 1723
1499_1295
712,56
1668.1572
1297_867
1151,1590
1306.1108
1646_1732
639.1884
1404_732
920 1112
1341 1832
1825.281
402,1704
943 1884
737 259
929 1137
931 795
470_95
418.1037
744.149
934,1151
1039 1960
934,785
1034 1192
753.277
1955.1597
695.1373
1050 480
1677 1057
1792,1367
889 1980
718_1217
1019.555
1162,46
1442_778
680 1090
1803 1244
259 1305
524,1307
1130.623
5,666
161,325
1612_576
459,1830
248,1737
291 1278
1485_80
371 1446
904 1111
1335 1826
335.1991
712.121
844.1755
899,1562
721 837
556 523
1261 962
549_1516
1511.781
61.1595
994 334
1586.1748
1069,1840
1280 1255
1919,805
720.969
433 1614
385.493
dr6,539
633,1363
1687_642
1698_1749
1342.708
1492 1265
1359 1679
1415 dr1762
1464_1650
505,369
1114 1282
755.1104
71,638
905_1088
771.1133
1546_1024
295_1165
1808_537
1392 965
75.1846
1630 281
945.34
1184 1425
1536.588
70_290
1300 1161
359.1048
1869 264
1989_633
1782 1205
1884,525
1770 642
603,1632
661.1376
1949.1922
1494 440
1138.1224
1087.411
593 543
897,1115
988 351
1534_1969
1332 1829
1980.203
1453.1997
458_1141
1976,1228
9_645
641 1523
292_719
1455 1213
1618.1813
1184.1768
162,329
494,1924
1952,1759
70,1912
1075_1808
132,142
497_81
1494.979
457.1294
608,499
318 203
54,758
86_796
888 1128
943_1606
1262.1777
1469,220
751 716
1460 1403
993.1869
1246 987
1143.1717
1355.723
518_144
1270.1229
1309,511
64,1205
1831 392
1464,763
1930 905
781,965
1920 1770
4,815
1117_1283
1911_1936
236_1277
1739.1256
159.687
1065.1084
1265_814
1668_1600
104 1563
1464 885
1235,826
950.1986
854,1537
491_1739
909.1386
1322.625
804,164
78.479
755.1159
1349_1803
734_1999
683 1333
909,1267
1943 1988
219,1027
1501_1052
1206,1673
1419 919
1485 357
1241.1489
586 1898
259,1966
202.1322
450,442
1717 540
1831_43
102.712
1328,1511
79.1912
1379 775
144.1026
1493.1739
142,1319
1538 1775
177,888
150 241
1820.1232
962,1926
1020 1361
1705.1331
687.938
414.844
1655.958
1304_1100
110.1746
1706_1222
672_1556
826 277
472_1745
903.1599
1283 989
1777,1781
937,1013
508.244
1441 148
61,1930
637.1745
1748_1925
1219_868
739 1693
1087.1835
1618,1567
148,820
1698 1515
211,505
1398 1518
1317.984
1355 1126
1350 1536
1154,103
419_1967
1123 1202
463 1953
166.155
172_1373
687 1812
150.1241
780_335
439.1437
1700.1006
1035_877
1881,608
1145_365
1378_1758
1641,1895
1673_332
220 1646
131.268
833,345
30 563
1155 1230
557.475
1290.372
733 244
1601 1052
1497_1839
1134,1309
797.684
0_1072
694.1238
1112_548
644.1648
341.1324
1462,138
608,1113
1000 739
218 1530
1084 618
1425.1604
936_75
1948,1115
231.545
313.568
1964,390
491 1634
967.1431
1783,509
200 817
681 932
1922_700
1003,591
640,1
353,1876
426,444
303,416
688_1490
274.1495
1287,932
827 430
1156 1076
1036.1769
404_27
1469_649
230,1869
191,1298
1471 1013
1711 701
1825.673
812_368
441 569
1914,271
554.342
1308_1098
623 267
1840 174
318 1596
5,135
860_588
367 417
900_1841
1683,305
549_581
121_176
391.74
1675_690
1927.860
1576 1705
888,917
1955.800
1896_1910
358_184
22 579
1606.1008
512 915
306 1851
1523,1898
1516.1533
1818.287
854.617
1597 1104
128,732
1972,189
334_549
926_1900
513.1989
1224,1575
1626 1564
728 1134
1138_1112
1902 1625
124.1568
1369,1239
1734,114
503_1461
1845.1095
543.1722
811 354
240 231
1601,76
1151,1977
1040_597
1064,1616
1787.536
1136.1300
1002 1714
1862,1961
1059_294
967.1988
505.1994
371_1894
387 650
8_1965
1088_1352
921,1891
808_372
928.1913
90 121
1038 1507
197 1069
153.1370
1039_1649
1512_891
971 101
611,895
1647 1634
1590.790
717_1280
1363,1935
1198 113
783_234
1015,629
1459.1914
1926,143
1475,400
390.1850
702,1828
644 1129
787.1305
1962 614
910_693
705.1797
1574 549
144,603
925,1684
1497 1634
1507.1765
885_1126
956_330
1840 1666
1229.1753
780_1582
1483,1913
1800_1006
231 237
1175.1470
398,1348
280_47
1932 148
dr187.1176
1808,370
1968.1180
1730.1504
710,992
1903 820
1264 205
1924_1008
963.185
731,702
1855.819
1954 736
1398,246
1445,1514
976.154
1743_87
475_1976
984_1792
758_1524
1310.1986
1184 248
1455_329
1793 1644
385.854
1034.298
1435_1977
1001,1532
822 1915
765.118
1430 612
480,1187
455,285
189,1306
513.545
1917,1614
677_1253
569.616
1407,1028
1611,89
393,541
158_369
837_479
1912 1867
1680 857
785,1956
1430 1312
258.1492
218 1337
1902,1502
1399.1645
773.188
311_1763
1574.7
356.195
216.930
1237.1462
1421,1901
900 38
1758,1509
1761_1554
1944,1640
1176 426
688 634
1601_316
429.1027
1444_584
992.979
595_53
1564,1115
1247 884
1345_1888
141.707
900,911
1925,1363
1499 493
136_1552
296_539
751.177
1683_1744
435.423
1943 1065
1284 632
1424,1061
dr761 1621
1330_285
1942 324
1809.1232
791 1589
272_804
291_1691
178,1159
1989,956
453.450
1919 1890
1110_337
839,556
1689 1214
1427_1826
854.1639
1592_557
348 516
748,1473
1744,478
1003_301
1071,926
1034,1541
1140_1702
1543,1937
1878,214
1051_1435
1632.105
37 1324
433,403
188_845
1652 60
1024 1045
641 263
1203,473
1912,772
1681,1998
1983.602
1828 1301
1618,1757
861 744
399,1566
599_184
1309.516
389.1290
844.600
234,1116
1067.182
1009,88
277 1374
1776 1592
1747 142
1584.1880
44,314
1374 737
1983.1936
1016,1017
503_1490
294,152
244,1373
1022_150
23 922
266.1351
1005.171
361.1214
222,97
1383 492
1834_1208
1872 158
21,924
467.1951
1530_1443
1606.223
163 618
1228,904
1537.1103
679_1745
17.1339
1382_1425
491_669
969,706
98 806
1769.371
1399.1996
185.305
184.64
1982_1764
615,585
1175_67
1560.1307
620,373
1340_1046
1976,1551
1767 394
715_706
423_607
1551.1581
390,1847
188.490
1490_232
1937 577
1872 1621
1291_1190
1798,1189
1163.879
1181,1856
1322_894
206 1869
1097_543
1798,1766
403,382
178,1766
1804,1848
720 617
34_1695
1686_870
1216,1937
429,1931
1397,1178
1881_1435
1169_779
341 1822
265.1215
1570,192
1888_148
1164 638
1611_587
1373 469
719_1885
1541_1348
143.592
925.1633
1038.51
1755,1297
136_1558
274.415
344,18
856,1549
910.342
1201 1275
214,590
1654 1186
77,1023
1707,767
807.1845
234 993
215.1785
830,166
1874 1255
1208_712
1664,1454
1377.1220
1809,894
153,1893
74_1681
740.712
1810_1504
1777.1058
133.958
1053.840
628_250
197 742
1837.1880
789,671
1076_1183
1266 1997
1160,1481
377,878
1786.871
1296,1277
1442.316
1925,1172
1324_1675
1708_573
319 687
1619.1731
1094_261
781,171
516,235
1547,57
1483_461
1430_1538
939,269
1003,927
179,1015
641 381
1834_1398
62,490
1738 1761
596,1027
422,950
1825_1748
939,1776
245_536
129.1072
1000.462
239.1987
1681,1525
565 142
1192_76
108.1191
1234_364
692.732
1783_709
1909_1042
998_723
662 362
1398.510
627.1220
1556 1091
86,323
1591_362
743_625
209_1061
1953_1426
1730_1849
244_546
24,1201
852_1964
522 1889
292 465
1088_1884
650_1040
5,629
895.1564
1951_677
1495.1778
1058 1897
1546.697
1476_163
219,463
811,951
459_1728
10,342
255 242
449_1370
783 1311
1215,1231
813 1949
1200_1660
748_1679
1420 1429
1863,1131
1392,1830
1873,1709
567_366
1087.762
1299 1228
928,1531
843.319
1894 1613
246,11
668 1357
1409 1914
1836,1879
775_583
1548,232
416,922
1387_908
429 349
211_1262
1031 1493
264.1720
1101_618
434,1789
739_1126
223_554
689,1583
1044 733
227.1533
161 787
780,122
525 1617
704.1437
1589 1
1905_681
87_1069
322,712
705.640
1962,1814
306 1839
1734 1666
875 1559
909 177
1742_113
1011 1048
825,1720
913_727
1823,1763
1347.692
25_248
471_614
341_509
1510.1847
422_1110
1148,1393
1678_314
361 522
576,1601
1443_575
113 201
606,298
1470.1050
519.1842
17,710
397,231
683.1263
855_143
660_15
1088_416
1746 609
451,1009
214.489
3 1942
1216 485
795,130
1094.280
1938_194
652 14
1296,1984
947,998
948.93
1502_596
1947_1215
459_468
669 1268
1009_1861
578,1097
41_1572
1113,860
558.97
1921.262
1699,831
412_1697
1872 395
1885_818
772,811
750,1758
117.723
1661 195
739,125
1387,1617
1823,632
922.523
856 1509
1073,1990
1135_578
1021 1560
1071,288
42,645
131 1974
752_1565
725.1359
1745,674
1076,250
1733.965
1315 589
968 1352
1831,1488
268.1052
242.1078
1823_954
678 1527
1625,1458
260_1355
393,383
178 788
810,485
1827_779
1856 160
1567 1351
1231 417
1810_1172
353,1256
36 850
1194 207
405_272
1882,463
774.1500
638 1296
295.179
1367_700
472,235
1565.60
991 217
1683,879
377 520
770 643
1207 1013
1555_944
882 1300
710.1368
482_1308
1334,1662
1138_223
550.685
577,1977
1793 1822
304,1041
746_1415
697.1010
1887.807
21,1561
1609 231
779,1856
844 160
1884,26
672.1673
729_1780
1274.1598
1199_1758
554_1477
1848 478
917 1188
71,1722
1154.1096
1504 1296
1288,512
1496.1945
1069_455
1716,920
74.1879
590,1692
683.1207
1000,1986
459 533
1024.646
948_1908
1813,260
1632 1213
1480.701
632,420
1763_428
822,1920
500 100
1079.1407
1611_957
778_101
196.877
1080_1174
1407.1440
718_685
184 260
798.84
1632 1837
240.1384
446_207
1053 1262
546_1456
1868,977
1693 1768
1394,1674
1671_257
473.1657
105 1636
537.695
685,405
409,1948
155 1926
352.754
222,1961
1778_1990
1876_725
1601_1608
1404,1894
1377.200
1174_468
774_1861
1566.1782
838,980
1672,439
1950 608
1507,1181
1874,1769
1980.922
1077_457
793_1403
1284.1829
1862 885
1352,360
1489_1078
1642.1693
1828.483
701,1483
90,1981
1453 1683
45,1482
250.1459
447 80
1293_93
1679,1260
501_116
215_1540
1491 213
657 196
1889_1200
64 763
1069.1049
1529 1956
145.1367
112 1736
1563.1848
1811.1555
1741.261
1665,73
1441,1166
1047_508
443.111
800.677
589,709
238.536
448,163
73 829
1759_1938
1625_677
1771,1860
1370,969
1616.1969
262,71
1979.1512
425.975
610 1797
1592,1861
1055.1542
203_1137
687.1014
1450.423
1076,998
1884.1639
182.928
104.1026
885_1951
1037,239
583.765
1682_813
771_608
38 638
1207_1672
1654.117
364,307
129_1032
935,1271
1024_53
256 1260
1415.1458
1287 394
553,1546
375.1330
627 366
335 221
641.1642
1383.1120
1704.1583
997_1728
1331_811
747 1651
1272,1355
1394,1046
1660 841
1349.1512
1611,631
1335_57
1167 1433
300 1625
1457_1767
1701,1680
1424_1602
10,796
318_1547
1026 1187
1907.1315
85.1857
872.1773
1678_308
1657 200
133_1582
311_1247
909.1539
127,1117
1102.1696
336 283
1894.341
1610_1629
1564.200
935 1755
322.617
827.1020
1907,104
1912 623
632 865
723_535
1746 193
858.613
733_1728
138 1045
308_1875
1208_188
945 605
779_558
1935_1960
452,1417
283,731
12 849
336 1332
1089_579
1950,170
997 908
748 549
1268.1330
1373 199
1702 140
602_1164
191.1547
754.133
173 1900
356 221
995_687
788_1038
523 242
1253 1073
1241 1418
653.609
554 1676
1893 1565
1156,1776
419 1137
886.1282
825_695
1726.1273
119,110
1053.540
413 493
836.54
1120.1339
124.1419
860.217
840.1764
1843 1605
1439,877
879_1133
202 1719
1700.1427
1116.1570
1369_1151
251 281
1405,1352
821_420
1420_1274
311 1880
983.666
785.1499
1341_25
277.1893
1790,452
1886,709
251_473
709 689
326_359
1421 76
1957,1041
238,1451
1442 1361
1874,1945
1698 1000
1323 1037
1917,369
911,1981
1218_1052
200,462
106.224
1204.824
762 131
549_248
1197,1956
333,1483
358_904
1903,1554
980.858
1151.1056
688_139
1983.1728
936 1336
40 689
1573 829
1113,1791
1957,1510
1387.381
799.623
186.1254
1569 1664
877_750
822.15
1222_734
32 1282
1975,896
1528 598
180 1498
1341_311
65,692
960,392
1071.155
1117 1239
351_1145
1195 1873
226.371
1701_964
1235_dr1587
1310.1569
121.66
100.1048
1175,989
123.1388
296 389
115.1237
76 1938
123_1593
1329,1506
287 1874
428.353
1279.1549
1854.1114
481,502
417 534
695 378
1168,1646
892,796
760.125
1804.194
1275_1738
669,907
334_1258
1889.dr1834
615.1767
841.1687
1085_763
108.1573
301 1843
936,784
1963_1510
507.55
1283_1572
951_1149
1576.1671
1563_1721
893.1442
1491.62
74 1912
682,1640
169.619
1657.1588
398 1357
469 157
1870,409
1.1191
1189.1583
436_481
489 1270
1154,1019
609 382
1834_1479
973_248
1608.1415
1043 1356
977.1614
30.0
1947,1163
506.1691
90,1034
1569.980
1025,212
914 1280
235 725
1946,630
1131_1334
15 809
330_47
1754.1124
1140 717
732_1873
495,167
445_406
1821,969
1437 636
910,109
853 591
1806.1917
565_1397
1066_142
157.244
1534 60
1261_1116
685 1588
1381 224
1803.184
778.1974
1981 1087
814 624
1549 47
1042 1940
433 1180
490.1219
1533 1051
1523 1933
378_392
362_850
10,1566
1079 127
1045_89
1612,838
611_815
1840.1160
37 34
201.1343
136.1404
1124 122
293.1320
1855_169
275,661
1662_341
388,1774
1240_1218
572.1066
1289_870
2.306
1536.911
1026 1082
1681.116
1808 1562
1556.676
588.1296
288.1683
13_1543
1029.411
1671 83
1306.73
1010_1500
1167,53
754 449
877 390
39 738
335,756
828_480
1345 297
1384,292
1032_1298
311_1498
112.1172
424_1162
1193.1330
125,1756
554 793
1934_525
1990,380
1608,402
1648.1174
1205.590
473_303
1864_1929
787_674
1590 827
572.312
1013.314
1696 1411
1513_1735
1853_1144
667_151
1907.1392
1601,28
1301 762
1325,1404
1981_1146
1022,1992
638.1402
1466 1004
1755 1183
596_794
184.1770
388,750
781 1814
849,1920
1039.86
1767,1932
775_1982
661_1654
1843,336
430.959
1615,744
578_341
588 94
393_977
732 1069
987,269
1762_1800
706.151
784.1809
1778.1176
1198,727
839 1618
826 958
514,517
1560,1839
441.122
67.1254
1700_166
1525_1861
1402,1935
42.776
181.1183
1059,1412
637.1525
950_555
413 1348
395_1650
1278.1602
448 1280
387_582
1547 40
1307_189
1858_1305
853 545
1830 456
994_206
456.703
716 397
1378.639
1521.1269
1962,457
100_1047
165,1970
1172.353
1211.464
1218,1811
676,142
1809,72
1850.262
1302,1625
704,912
1095,1237
986,1871
296,673
1623 1004
1740_1257
24 816
888.1956
1483,1569
1742 1625
465 1419
918 872
1258,1153
1337 1033
597,52
1033_1264
1699 119
1503_1611
1268.1893
660 6
1192,763
940_1904
651,1766
987,1903
1309,455
913.1249
1555_1424
331 993
213 644
1664_1041
958_328
1056,507
28.1367
398,1193
1208,1952
1080_1962
1806.1949
1823_1657
430,864
174,459
155.559
18,1311
1542 1451
442_74
1484 391
1413_622
435_1286
252 221
909_297
395.1958
906 1612
1039,1046
1632_1398
1777.1123
1070_1284
274 1516
1555,1298
711_524
413,1451
1451.620
1270 333
1300_1489
29,277
622,1322
1557 167
1130,553
1454,791
546 1366
101.341
608 30
438_1080
410_181
1366 745
886,255
1259_461
313 1829
1516_406
219.825
984.1387
1032,1588
866,1305
882 1930
1320.238
682 1015
1781.1884
1275,1194
960 880
71 1322
1938,525
1541,1903
308.1181
797 1792
837.1381
1480,773
1809.332
1019.816
54 619
248 1823
1818.1183
1025.1666
1512.782
1357,662
377.963
585.222
1976 1129
1688_468
1260,555
1473.1160
1768,794
1191,1749
626.478
825_322
206.676
1169_1986
1849,648
832_1877
885 1451
245 1698
221,1702
1876 1205
1895,422
837.278
662 867
174 1352
892 1287
1959.344
487,854
1620,139
1755_863
723.345
855.1590
1985 1050
451_133
1457 781
950 1230
535 162
1422.701
561 1772
102,1890
1133 477
1130_1502
1798.958
1243.507
605.449
796_453
1620.1563
1897 199
1229.1565
954.1773
781.134
240.721
294,1721
1917_1944
147,205
975 1975
1513,801
1272 1232
783 359
714_2
693,870
513_479
1368 1569
1745.407
462_1722
1826_70
87_1294
119,948
1440,350
195,1249
239,1457
484 1807
1210,1121
591 959
850 1649
800 1775
1134 799
1160.904
550,258
1588.341
317_715
1810,15
1534 1555
438.941
680_531
400.528
1436,1632
1609,1398
858 871
934.332
683_1965
759,1737
1434.621
915,1912
611_708
1540.126
1396,829
1185_1804
1373_341
1497,114
1584_1964
1715 1103
1566 753
18,1996
1731 1391
1987_1193
136 1369
1596_342
1593,1846
1951,1657
1524.1425
1798 1360
669 219
55 893
1923 116
555 1191
1272 749
269 1673
891 587
1537 1133
1805_165
976,823
423.758
1114.1706
1774 1341
781 1333
271 814
1917 1367
1584 720
108_1380
1422.911
1320.211
1682.554
1435.1525
1385.1798
732_1542
1524 228
1842.135
197,1811
12 1307
122.836
1900,1492
1625_1765
1820,1106
1000.712
1078 979
1562,357
1690_747
1952 565
1087_1199
557_745
164.1862
975.1576
1363.1612
671,751
862 287
1679_1424
1692_786
1752.1243
310 686
1645 798
430 779
502,215
671 1620
1587.979
1911.1438
749,477
1518,122
1641_1148
104 807
1475_906
284 1195
1293.1668
1116 614
1474 490
1808 969
1642_63
1211.860
14 1107
608 20
445.1238
1298,1182
1246.72
1757.847
1883 892
1051.1113
1983_1620
1520,1028
1399 404
427,715
1067 775
797_944
200_356
1349 186
1104 537
1723,1713
1967.1603
401_215
549 578
1204.1058
302,dr1587
1025,1795
1039_715
1303 97
573_339
266,1690
1738,12
48,304
608,1147
1042.6
1771.521
1273.1487
203_844
899,546
1145 578
888_642
365 1292
1219_328
963.463
636_1222
627 36
199,365
1572,1118
1821 1591
411.1374
1835.1136
442 674
151_1221
546.1894
215.810
1118,641
331,1964
1744.1332
473 1800
902_545
26.570
1128_107
754,1613
1166.1974
631,338
1460 1737
999,1483
1101 1636
1408 679
1125,1460
1293.632
186 565
961 253
66.501
1561,742
71.1550
1437,81
1662,204
1147 675
1406_1548
1666,1264
1092_744
173_1159
479 717
752.572
1783_1977
213,597
1139_726
494_1586
1770 1531
556 1586
1202,1864
737.1697
776 442
673_1561
1689,342
1265,429
1188_213
86,328
1167.1999
1698,1417
1161.1496
989,1547
1630,219
1044.1578
164 547
968 1886
1479 1997
16 1168
70_1336
867 1049
181,156
1608.887
1358.1773
88,1661
859_1079
1938,147
1355,1350
182_1364
1457_1148
744 2
857_1622
101 1404
177_813
1863 499
1417,1690
1858_1660
1176 1591
314.1548
716_1850
1483 824
191.1094
843,400
1441.70
1550,424
1297.1105
1198.535
353,401
1979_990
463,1063
1025_1503
53,580
316 1100
614_1772
1627.1560
1126.1578
118 1196
554,1339
1784 1574
778 747
1430.81
1620.1617
1207 1958
1480 1647
674,1252
862_1547
169_267
969,121
1074.1586
310,308
1135.938
582.1526
1649.1321
1656_1158
662 1801
1706.1929
1373.1289
1550,1363
457 1822
997_1228
224 80
139,680
1851 683
264,845
1633.839
1629.1782
1208 479
935_1514
292_672
760,150
1552_1168
240.1267
1362 1306
375_223
103.620
67_387
1037.1764
468.366
387 1190
1874_1042
540,5
1232_490
714_1429
800_1586
1702_1829
966,1066
816_1807
1263 540
1845.1900
674,1037
963.477
1594,1935
433.465
87 1373
843,1488
1739_653
751_86
293,1800
1770_1289
1373 570
750 1127
625,1315
1219 765
409,1946
101,1754
662,1764
1042_703
454.989
451.1705
1441_1507
1872 1791
1426,1585
940.915
1490 358
1961,616
342.1901
1588,585
1557.1743
757.463
1422,78
34 1837
904_1819
1335,1903
430_1559
635_1357
1727_929
1053_633
617,50
273,918
1467_1116
60 704
772.1782
1312 1195
1873,1870
736.938
560.492
1100_1102
1742_1802
1973.1066
445.1594
177 814
1999 997
1757_1235
1250_35
1535 1031
1863_50
1575.927
690_1537
1480_208
641_752
704,1573
1921_280
1873_1910
317 681
1009,447
1229 1360
1275.127
1583,112
988,1123
175_1783
1732_1793
746_591
236_625
505,1385
294.921
1332.932
929.899
738_1733
1666,608
1691.1007
1341,347
469.1926
1937,1473
956_1713
70_1278
17.706
1696 557
1979 251
288,630
1378 634
1023.1880
870_521
206.1788
245_1623
701 245
1244 1811
1709.459
289,470
27,1876
1779,775
1941 1689
809_184
467.1909
63 1149
917_1225
1015_400
1323_1965
102,416
1890.899
1067.1602
307.1966
1512 1229
821_749
265 524
1520 1724
1667,1442
1110_1435
602 668
1436.1362
1083.45
688_1128
993.134
147_539
336 1767
1962.1168
1062.1480
419 149
562 1732
471,478
1224 1124
1208,745
1352 305
1604_184
275 977
1642,46
693 1650
1972.dr1762
282.951
1757_35
1699_1006
561 1911
263 589
236.675
1265_321
345_524
1558_185
1578 1948
1552_1909
1386_1798
1880 827
878,993
1779 756
1636_611
59,399
337_1734
1564_1477
1106.1630
1952 1413
238_67
1674 602
28_1076
637 391
862 1959
1976_235
1572,523
1417,78
1718_1286
345,1722
403.138
782.1369
982.534
135.1403
600.858
1537.260
968,1644
35,231
53_1908
886.857
1451,61
510,453
1102,124
168_1101
1314,1878
1870_1852
742 1986
205.1122
517_1621
1172,1040
111.1346
78 1228
858.489
129.111
631,1961
700.1130
1976_205
1808 1664
658,1951
1430,1324
1170_11
1527.1153
1616.1115
1824 1331
84.1620
606 467
404.425
295,1602
564_1668
394_539
1109.800
1111.1575
1246,602
1611_1966
1613.217
102 1838
1797_1294
233 593
1444.1
1330,1402
1739,964
1013,1283
1040 1255
1277 1800
1780.1077
355 385
1475 1192
1618 506
564,1558
205 1773
442_1487
40_358
426.1096
1994_819
949_339
1787.721
97_1287
21 1936
240 1008
499_1955
1259 1671
1057.1976
165_1550
1797,320
465 1761
802.1485
436_1176
109.952
1426_644
783_1150
601,172
582,1940
1086.1102
571_491
111 1065
1849 70
743,146
1195 1130
1326_1311
986.675
1261_93
793 1629
871.1880
1913_1224
1419 218
606 1707
368_1260
1980 1694
1162.1404
470.1921
1161_761
850 131
1849,993
389.1980
450 777
378,1504
895,172
767,1149
574 1349
1915 392
118 916
237,1361
1873 543
629 460
1788 400
1058,258
441 1717
1470,944
304.1661
1269,375
388 521
1856_1025
46,1231
129,1436
1158 389
1157,174
1041.603
896 423
1292_212
861.1415
379_478
190,975
571 1331
1391.943
1467 31
1857 1634
1911.1949
1620 1138
627,1416
46_298
936,1854
506.315
1068,1450
1150_1652
1032 86
1276,189
1840 70
663 455
1577.743
1399.291
1594 945
1966.1572
191.194
1472 1295
5,1176
354,1191
1314,1539
426 996
934_761
524 897
1766.1205
716_120
1504_1130
889,120
1457,1320
152_385
1996 572
818 293
576 870
926 1171
1290 288
299_1697
478,1980
1207 812
400.1235
1103_901
1162_1806
1894_980
133_1532
84,1779
733_1626
1106.1324
753_714
370,173
44_22
1527,602
1260.1203
1078_1257
856_1534
786.1334
9.1840
685 230
1176_1709
452 1132
645.781
1380,1560
984_1796
1527 1287
937.1540
1363,899
1673_992
1332_558
1585_1714
1890,1710
1548,285
dr382,1126
751_1866
923.1278
163.1073
32.1485
264.94
1222.1780
334.1467
57_70
306,196
1468.334
184_1953
1088 877
1136.1101
683.1519
1572 1457
923_1696
1987 1962
687_1331
16,854
1314,96
966,561
1689_57
972 356
1865,796
1373 676
1313_1318
206.343
19.1265
258,840
1855,620
1197.1677
186.1831
148_571
1999,156
1072_1612
1300.211
566_1463
1434.358
811.1701
1000 109
616 444
56,1683
1966,1551
935.437
605,403
1435 1396
1810 376
158_47
402.661
607_738
376_622
384_400
223,1682
1014,1002
216,996
905,1740
164.1382
583 1083
107 855
1558.182
1978,959
302,775
1934 200
1065,603
828.1362
1334_59
684,363
1088 691
393,1988
250 836
46_1365
285.1821
64 141
1700_1975
762.364
1737 1390
1903,767
372 1140
1405,1584
1978_1438
1074_524
dr761.1600
302.160
284,39
12,382
1797,1844
1529 1951
309_1475
1707 1864
1570_1102
733 1324
553 1033
533_483
1083.987
202.1096
421.28
1234,1900
1581_1191
419,218
735_1640
1230.673
1428,1818
1716 1062
850 306
229_1619
553_1352
120_1956
1409.931
194 397
352,476
258.1797
1850_1577
1341 1883
1128.777
173.136
1362.1746
1496_319
3,341
1658 753
871_1661
1917_614
1726 1467
1342,1938
793.1607
1391 1631
1954 421
1006,812
795_1944
1955,132
1280.140
769 1414
1758,1008
289 682
626_21
1352_1589
373 1225
1572,1706
245 592
180.244
1243.1649
1234_1835
877 1799
492,674
1897.732
1137 479
1017.857
593 353
444_429
961,498
221,1689
57.200
812_119
375 1002
1574 1534
1164.1142
608.156
1236.1121
767 369
614 622
678.1689
713.294
1370.1750
1522.1737
1719_181
446_506
1250_1312
1991.206
1728 1900
935.319
564,1917
1802 902
995_1492
1195 963
373.1906
488,1524
1284_1923
1738_163
1143_1131
1254.921
1016.1411
433_51
1661.715
1120.237
992,1964
1156.226
566 1155
498_306
1580 1588
47,1731
926.698
942,794
612_189
1779,1039
503,1152
866 1968
856,1027
1857 1566
974.8
1677.1564
1791.1753
845 477
1553.489
135,23
1910.743
1545_1634
598.1224
274 1158
503,395
131_1875
303.1949
1769 1979
897 1745
373_1950
1585.1303
91,1006
271 231
1009_1833
1307,534
108_739
617 1178
142.1650
43 1244
1665_1437
1439_63
427,218
740_40
30.728
701_1095
1558 754
1732.616
773.523
1840_827
863.177
1065 113
374_195
239_775
1271_84
1211 1333
1958,933
797.542
1065,604
1996 137
1717,1923
1588,1618
1897_1710
916,169
1735_1207
836 614
329.828
1745_1715
1302 501
321 555
1068 570
914_579
940,1986
676_395
1933,963
1693 1801
1745,1387
752_1645
1208_130
1438,428
77,1496
1005_1166
268.1925
423_577
242,183
698 864
1923,1796
464_1990
463.1052
68_954
1766_1785
1867_1821
661,1597
283.1427
1769 784
1041 702
672 1267
1804,261
1720_1302
1379.917
893,21
1682,722
1684.854
768.204
1274 454
559 109
101_1142
589_1006
1894.1798
1855.545
821,970
1178.1969
1678,159
851,1934
557,247
1544,1301
1849,1677
996,317
343 1808
1952.1494
137.296
854_906
105,166
519 883
87 869
36_464
1761.1056
1510,1970
722,543
1491 1054
1115,179
1549.1450
1547_1405
1159,1948
1395.dr1587
1759_99
712 837
91_370
1952_928
1952 4
395.1014
1621.942
1703_1429
371.1234
983_1451
1598 567
1152.146
1464.521
263.1650
1607 1259
464,274
1241,578
1058_1716
1984.1082
251_1871
557,473
950_1639
699.1397
541 858
686_384
1672 262
1605 590
477.1007
1389,1356
78,1146
573 693
806 1325
1036.1011
578_42
1013.869
313_908
1796.1160
908_1429
1502,449
75.1280
212_1899
770_1240
1818.486
1872,723
1970.1241
870,1779
1793_246
555_663
310.789
1460,701
1230_694
1546.1041
521_1689
1503 1231
10 125
985_1849
580,1940
1759 1909
1758_818
250 1047
1148 1160
769_281
671 457
1639 560
532 328
1123,1346
698.1969
1981.1974
370,660
1667,1441
1319 565
734.1303
283_1561
1579 979
1074 1078
1082_1972
402.257
1347_1114
974.1241
1874 619
1299.59
92 174
107,1178
162_983
1766,1184
28_345
415_1429
257.1067
182 1707
1810.184
1065.261
207 1813
1432,dr123
640_52
921_1907
675_1592
1841_95
1144_1592
35 1444
711 1275
1304 213
1965.932
1083_503
1274.1766
1187,536
272.1320
387 1650
1545_979
149 1005
171_1588
121,145
914 745
300_65
1637,1588
628 883
1022 1645
1056.1018
555.1617
373.1400
960_1130
847.1888
1455.922
1491 1187
391_1272
1085_1759
935,1512
983 1632
710,704
480,979
93.920
1423,1065
1684 998
1314.1959
1639,1756
870.547
236.1672
711_915
1963,722
697 1656
890,588
311.1128
1737.1246
29 554
1031.767
1981,162
412,1162
1717 1035
1466 79
452 1651
1126 35
808 852
228 83
411_191
1103_295
744,1432
351.1369
1703,1521
1123_1570
630_1227
1068 1509
1470 960
1213.1424
1625 141
1023 755
523_1382
1020.915
1749,1221
1104_154
1205,310
600_78
1152,420
616,1817
467,576
969.178
1497_479
733_1255
18 1611
1485,381
170,464
466.170
798,839
1051.203
997.210
711 1521
549_421
1777.636
1620 1632
466,742
1152,333
1006_1308
528 1953
897.3
1349.211
469 1849
492_1962
1252_558
1120 973
376 871
755_1752
1762.872
1992,1261
1045 567
1524 656
1823 1112
501_767
887,782
1078,77
1119_733
1303_359
1955.1865
1279.1485
755 57
617,1793
5 1573
1127,801
807.466
1915.1726
223.581
434,1463
29.890
999.398
1590 1124
1364,1022
1664.214
1875_807
849,418
565 973
1936,1988
1581 1306
1223 1011
1164_121
510,1022
1244 1685
12_1290
80 1033
300_1684
586 1826
1663_252
1106.95
1739_1055
1848_1411
1771,905
1535 1246
985,1288
961.1119
224,653
522,1611
1710.1280
168_1604
1526 429
367 234
363 1985
1302_50
1926,485
1339.1565
1031.1434
1794 409
460,388
1360 483
606_1600
1916 152
533_1298
572.1219
703.1480
1949,634
1241_722
65,876
1402.1338
574.1701
990 1274
1880.1795
667 1688
449_1994
353 1082
1223_1888
1503,1204
147_956
793.1520
1483 1389
73,1464
1432 741
1601_896
839_1779
584 504
1673.1924
1898_1322
723.475
1792.1338
656 996
1299.1150
1112_279
635,46
1436,770
703_1218
1920_243
435.369
1815_1095
457_1356
1987,964
405,1684
1196.997
990.1891
932,67
1693 1795
62_1720
1808,1191
1331.1213
1329,1992
315_547
1722,24
325,114
660_1366
647_1245
237 1067
1094 768
1457_1321
637_991
1934_1585
1143_1220
1977 227
231 1813
1570 298
747.1381
1986_267
599.1078
879,1710
915 1493
596 470
1846.1752
1848_51
1682 1773
58 1840
1729 1580
925,754
947.1787
795.1117
1995,490
1381.1900
943,419
1820_144
468_129
17,1362
1796,1431
251.597
1105.1895
1670 1274
1224.12
113.211
1613_1105
526_180
1203,755
12.81
901.662
916,996
243,457
1615,690
1721_446
179 402
865 1812
1520 1939
854,841
1762.36
201_867
437.330
1944.1254
1606,1077
1568 1016
1731_1937
740 795
476,1366
359_92
699_1769
283_611
1401 1802
692 584
1786 131
770.319
1000,120
696_132
1829,927
966.932
567 1729
1203,133
326 160
1429_1174
1558 1161
45,432
1103.1263
959.1735
486.1482
150,29
1521.868
1955,855
1554_1915
998.210
1168.1596
750,433
1957_551
807_1078
431.1965
581,359
1744.1985
694 918
1130_1469
155_1555
1214,1549
258_1200
925,1450
486,66
1198_1602
1267.578
888,107
1844_741
83 1891
1604 966
35_1067
1698_1598
1748 1796
52_1348
877 846
85.845
1972,1809
47 684
1316,1621
153 510
1189.915
451.502
1258.1780
1358,1592
1766_1971
933.545
396_299
714_587
46,696
1561,1244
694 1210
17 846
1676,1397
1321 1564
383,215
969.251
1364 147
1861,307
1206.162
1506_353
848_374
1761,401
1471_1343
1418.1805
665.1746
822,371
374 1436
598 204
1017 373
1063 1164
1526 1841
1924 393
343 792
652 1084
1164.861
789_487
1157 1831
1124,692
1494 1144
1552_1586
1937,776
1116,59
1867_860
872.304
1023 544
1509_216
334 261
1687.567
648.568
778.868
1820.1168
556.1234
1497.517
759_787
1318_1832
1448.988
690_1135
1181,1799
85 1284
1038_1184
33_97
107.779
161,997
240.1988
1203 551
1055,399
596.1011
254_857
31,558
1794 268
1865,368
609_57
1271_1884
1003,1645
1587_1421
733,981
899_1000
370_927
341_946
1580,1697
692_284
1405.80
1413 161
1312_1285
762 1630
1105_1496
1716,1394
1672_169
1931,1446
1110.574
598,962
1227,1397
745.417
869_1234
1554.1005
169.380
1830 1244
486,139
1502_963
1526,1244
335.1892
731_676
528_1679
858.459
26,545
257 719
557 1243
1756_1352
437,1978
573,1230
1359 8
853.1909
340_700
1132,1539
190 1186
1127 245
1103_236
170_1547
325 1097
1141.1871
495,1475
797_1684
822 1026
1590,1863
1835 1377
99.1648
1268,516
1228_1164
1915 178
1103 1596
1476_1880
537 234
416.741
313,1177
1801.1312
1495 1989
1142.642
1403,1358
1746.1153
16.1767
832_547
433.209
1513 116
1420_0
998.1555
1.1305
786,1934
159_608
1621_1499
609 41
469_696
1245.699
1595_1924
1438.1763
1904_513
1997.1169
421.1549
384.1071
693,104
883_1968
1344_597
580_286
1429.1710
17.416
928 876
682 1095
1359,801
1877 1778
1864.1180
1621 1925
1696 1036
117.1101
1664_237
1450.1843
991 1058
78_301
580_1486
1865,1822
45 194
1972_1393
1366.1319
159 1038
1535.1596
667,408
42,914
1140,1064
929_794
1564_449
226 1361
473_491
1376,163
459_1013
910.1026
1889 1245
490,930
669.1690
331_167
553,154
1053.364
574,718
1100,523
1291 400
786_982
1512.597
1249_406
1413 673
1422,1613
567.1208
955_744
1983_1262
204,536
97,724
1472,1660
210,1189
993.1393
667 1155
1706_1211
588,1152
1012_506
798,641
1710 489
809.354
1632_546
784,278
1732,901
1556.486
1297_63
1495,1300
1355 1297
115,1117
897 1918
1840 1158
1406,1658
1721,1451
773,125
1413 157
1903.1193
749,1607
1904_131
1412 1774
1510_1646
1473.806
1514,222
387_1732
734.1734
1733_1819
181_1715
153,999
1636 1547
1682.1558
1285_1595
352_335
198_881
956.1198
1363 1617
591 1472
924_1033
1143_1475
166,113
1707 394
1197,1910
738 796
37_dr1762
1301_293
1209_309
954,1922
1172 1565
1767 511
182 1809
318_48
1394.1022
1711.1003
1378,1772
1257.401
1572.287
1205,558
1772_1233
1508_924
312 477
961.1488
231 1997
50,389
705.1147
942,133
532,790
1774,523
323 1499
1010,142
1971.379
1447.1538
1396_900
983.712
1486 466
1364,1829
86,1829
715,472
1210_1353
1595,1586
1148_1696
474_792
1331_1148
229_1577
575_1835
1301,618
1898.77
644_1755
917,1144
228,271
886,1657
1612 451
1191_844
1391 1243
1341 1342
1847.1675
1620,1397
818 304
1510_1618
1707 1830
366 638
470_1405
1844.1862
288 814
1303,1477
708.1578
569 353
293 114
960,1668
188 618
1356 322
824 1958
840,1156
907,1636
704.1477
316.1598
1493.1669
515,887
1756,1389
1277.1456
969 420
1324.881
1785.1450
712.205
1548_956
1007.1155
1843 1897
1359,180
808,1510
1931_1308
134 242
1600.363
78_1604
40_408
1740.151
174_1843
1084_1631
1568 1596
1226,304
1407 1616
1423 281
870 1975
700.1451
1837_1209
1012_276
1542,1199
1755,1511
1073_1130
559 986
419,974
1522 1241
770,620
253,1311
40_689
63_1008
164,326
340,601
1821 181
1860_1035
1940 1194
171_1433
819_901
930.1090
88_550
688 1754
578.651
807.729
1324.1821
222.174
1415,1481
1869.1993
1216,234
1327 816
1459,1676
550_1984
1957.425
1325,877
1782,725
399_1520
1408 330
1192.756
1843_236
1688,141
1485.1131
124 1525
932 75
1670,183
973_505
235,1471
149,860
1262,399
483.395
297_106
1846.231
501.1454
1168,34
944_1947
1762_1859
673.1977
935_665
1913_1134
1956.895
1998,1481
1155.685
668.1591
129.516
22 910
638,1377
1742.1737
1432.1714
776,507
1555 1098
1374,192
637 397
1532,292
411.1594
1843,1923
1741 1915
249.379
1901.1427
1372 1897
1667,1316
1994,178
1447.1489
973,453
1281_1582
1148_1155
1283_220
922_469
1842 59
133 195
1435.801
330,860
548,1688
89.668
357,1509
1634,1368
1322.668
535_657
834 110
1508_406
231 1362
1859.1076
600_709
715 986
783.1372
167 1531
1704.1987
333_1972
1406.1277
116_1496
1747 1775
1541_580
323,1098
455,1184
766,170
691.1430
416 1094
897.1675
701.832
1978_546
1520.47
287,1394
1812.771
1420_787
450,1521
907_1166
1312.621
765_1440
908_543
710,164
397_634
1738_1983
1984_1008
858,22
426,1704
780,478
1267_1029
904 637
1392_980
695 788
1988.1725
1155,1691
408.282
977.1388
98.793
639.452
1794.321
632.1562
254.906
1426_1875
1242_505
1035,1775
550.1468
541 514
1341_554
1084 175
779,1303
303.427
1314,1106
1160_1739
210 649
1262_676
1069.787
1916,1537
398 378
1147.607
406,1278
590,1111
1159,133
729.1399
510 1592
1052.1583
75.1382
1250,1998
121_1104
1467 1261
1434_1726
271.1130
1600,546
1639_717
1927.392
505.1304
1462,1748
555.552
706 686
825 928
1332_818
533_1341
1386,404
1456,992
1959,848
1505,916
1799_839
76_556
428.1011
839_1607
1758,1787
721 906
1222_933
779.1746
565_1575
39,1940
1215 1979
1912,514
1038_198
397 702
899 1309
1489.1075
296,1892
530,1647
708_345
492,185
808 458
1988,548
1134_1708
484,648
639,1215
560.1608
1619.1911
787_1080
28,53
1180 1879
777.1346
1378 105
1113,548
1148 713
1336.1672
1350,1581
123,1886
8,1251
1192,1494
464 1739
731 311
206.1025
751 698
696,1528
890.1543
1633 456
482 1212
829 665
824.1271
1701 463
1305_739
1300,1596
1293 829
1502 133
1069 1999
356_1853
1688 301
1949_1525
1895 1814
1539.1068
1996 38
1071_509
1174.1893
681.884
1827_301
409.1510
1147 1517
1398,159
1010 1744
1644 1878
663.880
1241,990
1908.1714
1385 809
858.495
535.557
1578,439
1305 1142
976_474
1580 1516
39 1028
308,805
317,1131
651,1185
1857.270
259 1397
112,1638
661.161
1835.1940
1677_1235
395 313
81,1157
1671_291
1443,1935
953,357
1920_1986
705_1277
608_1936
305,1726
1362_1450
1839,221
1449.239
1856 1581
1889 407
1179,1923
165 1977
1036_1400
1,1470
475 1872
1569.1493
123 1986
634 792
1663 1734
1338_637
106,1196
235_436
913_967
112,1090
657 1872
261 1457
115_863
460,175
221,1086
263_112
1961 951
1045,855
1390.1437
980,559
1263_1200
1421 850
1064_1128
1574,1337
861,1793
571,1706
1838_298
326.1521
1006_1191
1805,1916
1600.575
1235_1718
824_1503
1749,98
1710.225
547 1256
237,778
1140 613
525.84
1474 1954
1992_565
1663,70
638_919
830.1320
363 266
757.1845
1735_1168
804,1368
365_736
386 690
1138,586
1217 1462
201_515
732.1897
1338,629
943.1592
24,1800
1647 1235
1997.242
1555 505
776_1705
318 687
835 1602
1112 1633
1214_1296
1105_1271
1093,1043
1187_1370
1646 1019
222.1254
593,510
1020 1829
1027_4
1150_1247
611 1320
749 1268
833_498
1173_816
950_1163
209,457
1039.1544
1301_1565
1952.344
851,885
1003,193
1736,1441
1284,1523
120,963
1149 606
592,1238
537_1235
1459 1355
261,758
1380 974
641,1804
1869 475
1768_1647
353,562
1869 627
1174_1624
748,1350
259,1774
1636.1351
852.1356
1773,1712
1800,1159
378_734
1214 1711
672,82
1128 1517
454.1659
476,1584
1724.781
1322.1346
1972 338
998 1526
1600 759
157 1221
1602_1965
238 1543
40 831
889,63
1471_230
948.1586
896,152
251.180
390 650
1357_833
1363_440
1522,1357
1168,846
104.111
1557 261
65.1177
640 889
1718_992
1107 900
776_796
1073,278
1085 998
1556_55
1753,1191
1154_1916
912.568
320 1913
397,63
1291 1589
981.101
1558_944
105 1329
1728.367
316.815
1668_551
1624,1163
1802 1882
1104 1564
1911_1790
1710_1565
813_1974
405,366
1802 135
1390.998
237_816
85_1979
739_1079
1761_1234
722_561
1295.1695
336.1326
1661_873
995 668
1589,341
905,1100
1525_987
88_171
874,461
326.522
1466.1503
1072_108
1934 1584
376_633
166 258
1993,1909
111.392
1293 402
953_1684
1686 937
116,115
1221_657
1706_1766
1747 1854
160,1662
778,8
1267,583
1389,1093
1480.1415
1092,789
626 566
870.892
1914_836
1921.985
1344_1529
1388,1196
1780 712
1659_237
472_1220
1522.914
261 715
1803.1866
1166 61
607.821
44 593
1907 1068
1072.916
1562.331
466_76
1601,1467
1670 1159
1840,560
1324_244
1398 1296
778.1355
1316.1836
1594 1678
494.1255
1404_1470
606 1256
543 577
1266.1485
1022 1073
1143 149
548 1723
913,1920
1278 1786
1977_1217
1957 1866
454,1255
1949_1471
237,31
1630_559
1210 182
963.663
1572.1593
426_230
593,296
1029,1362
1967,1294
1921 153
361 368
1628 96
274_1898
1749_187
1718 260
379,599
1084.174
1344 697
1555.543
453.37
1099,1301
1732 691
1947 1515
1409,1229
99_728
360_1248
1213.1601
676 1287
789 824
1251 1560
1782.1045
1809,391
1396_205
432_148
1232 1386
903 871
1868 647
885_1817
415_1286
15 920
1140_680
1065 1226
931 779
728.780
1339,980
1032_1043
1505_1115
1081 1094
1015_415
1133_1115
37,302
747.1626
624_426
1925.1049
1930,538
1912,1145
612_1793
1922_544
1969.774
525,284
1852 1212
716,1022
1719_148
431 1161
1301,56
151 630
648.322
1301,1947
1826,905
1130.1622
1769,1637
922 1956
100.1527
1381_60
923 1209
1925.1973
1972,394
164 218
963.720
1679.950
1920_699
1518.1856
1471_1934
1080.504
954,1025
940_289
170,182
271,1071
391,221
1535_1878
184_540
500.964
1067,1514
1274.1320
1285 1087
149 1601
1674.380
512 354
1263 362
825_574
1074,540
803,1195
1051,430
1684.1023
605_822
1121 1785
652_742
463.184
619.1351
1668,490
136 1808
1722_1952
180,1119
1454.261
845.476
1322 1354
1907_1494
102_1798
217.1180
1746 1563
536 1094
1082_95
782,591
583,77
541_398
346 1857
668.915
829.874
592.1766
230.915
640,493
399,1179
232.1052
1101_82
417.1967
1510_1336
985_129
394_1759
355 1502
1714.1314
1114.1832
1572_432
1356 390
454 178
319.613
665_437
444.1940
60 1278
842.1671
1567,1411
370.1527
1884_970
322,1930
768 645
1696 219
498_1138
974_1891
1352_1783
1080 138
147_960
131_480
1078_1589
1656,1225
1731,1504
673_1892
1316 408
1895 1123
15 8
709_1828
443,1322
1052_733
650,493
1120,1929
735 807
1579.1215
367 696
77,1691
1708.1068
1128 1634
1594,943
1176 1886
1571_293
224.884
426.1160
498 787
1852_166
1114 1420
575_991
42.1382
816_1396
1829 1139
948 1664
415 1512
1547_660
1746 1512
610.776
1000.625
1908_1945
490.1223
1737,270
316_1067
1089.1428
305,543
1460,86
457.1475
415 1618
1124.576
1891,1225
1742 834
503,268
1505,800
727.363
1490 1630
253,241
1133,1464
1820 452
936_618
888 1639
0.1260
1675.1182
1452.1998
609,671
401_252
210,1791
508.993
130 27
1518,1991
1716.649
1094,857
1528,1876
1328 1905
1623.1596
504.247
1512.97
547 1370
273 970
206.138
1193 1627
1787,805
567.1937
1950_440
1414 421
667.154
1386,78
1335.476
598.1344
552,49
583 836
415,231
1362 724
659 1091
995,1668
228_846
618,82
1420_1223
233,240
1810.453
1453.702
666.1629
1656,1153
491_1598
107.386
1472,67
373 671
1787_538
65.1238
1905_42
417,455
1283_866
1512.771
1581 1436
223 191
725 665
1363.894
1485 1812
270 1981
262_536
907 1305
1216.1874
983.1118
1706_878
1985,252
1856.162
1307.155
1840_1276
903 106
455_544
1138 670
1318_50
595_1160
900.1378
859.875
863_1777
1785_993
115 1786
1573 738
536,805
1804,492
1633_1279
879.1705
433.1413
1610.790
197 383
537 495
177_337
25.1571
930_1611
191_1796
522.912
1610.1400
1489,342
246_1533
979.1916
1072,1452
917,1812
877,204
1549.676
340_420
1711_1124
795.853
212_837
1857 1189
1224_1618
520 1523
1662 1340
1759,1227
261.211
1586.657
842,964
1302,352
797_1957
294,573
1287.1456
1306_224
1247 58
1456 831
333_957
1221 1522
1704 474
1239,272
1616 782
1997,905
1144_dr123
1345 78
1480 428
12.1311
1004,149
600 1877
1782.1313
366 1434
799,1838
158 432
1992_57
1106.288
2.887
284_613
677,1453
1256 45
243.1577
1642,1895
1020,1284
123,350
82.1976
1650 958
1775_1423
1748,1358
1224_443
415,313
1845.136
483_452
169,333
1669,220
1523_368
1346.1159
768.91
484_1085
356 251
1920 562
1586,1809
661_961
855,913
991,505
963.491
873.572
703.602
163,213
365_1934
1778,174
384 1806
1968.1684
40,954
1495 978
268,1936
1911.897
1260 1668
480,1000
149 1582
1652,1466
1930_124
1443_139
100_1615
78.472
546,1808
978 549
64,1968
1668 1472
197 1938
891 1894
322,1059
537,928
1875.1781
1379_1308
877 1022
1221.1534
1383.1703
998_902
947 1893
1376.1633
967.36
1446 697
202_524
1539_1866
545_495
950_1932
645 1925
1525.1253
1319,694
172_759
806 1769
1622.1137
691,1337
1480,1135
1512.845
516.1176
350.1103
1036 1909
1139,907
1072,1999
1204_1341
610 517
1168_1923
1667.294
586_1931
11 1171
1620.773
1931,371
712 1534
946,1463
1521 597
932 1408
1418 196
21,1330
976,1044
1117,1133
632,887
356_1650
578.1341
977.1911
110_281
832,40
1389,75
599 432
1215_1200
699.353
620,446
206_1504
795.1014
1279 42
855_1613
1104 1648
1448,88
596 1285
1497.1860
394.671
917,193
331,1233
295_1619
1965,213
1521 1627
1545 190
1542 1127
845 1405
1427,1562
1418 614
1357_176
203 1335
1531 476
491,192
49,1943
1289 867
655.601
458,646
1367_770
385,1633
937.827
1222_1919
204 175
1371.573
435 1394
1830 1087
904_786
1186_1183
797.63
1887,307
553_980
1065_1496
1950.1394
526.402
1875.1106
1639.1857
78.331
1255,1973
1244 1270
1428,1589
269_1778
1441_512
174_1741
856 1958
1590,1819
488_1649
1293.1517
215 1716
740.66
822 1373
352.585
1138.1026
1724,1942
1957,1507
1028.523
933_458
1427.1133
1053.945
403_758
1600,425
447 1837
1757_1035
875,511
125 781
338,618
913,1186
1667.335
758.993
588_1561
1752.1146
353 1246
808.515
1958_200
967 396
478.790
607,437
1747 1103
679,898
18 699
359.1527
457_16
1439 842
1299.1531
1285.317
1415 1726
774,138
1888_831
584 1236
87_901
673_1195
1924.757
1816.1464
171 175
732,1401
557.112
1585,1593
188_1285
927 590
212,1510
1796.611
38,1010
1000.1783
1455_716
1619 1876
1688.1992
1656.1750
746.105
1086_1823
1648_38
644 543
1420,45
567_183
924 15
1185_472
636,677
1222 848
595,207
548.64
236_566
1858 1047
891.101
973_121
470,1195
1957_1737
1420 1440
1878 1880
1274 1491
1586 168
42.1872
1573_241
1361 1410
783,785
456_322
706_1896
1075,396
273 1859
1152_1199
1071 1643
461 1169
880 1986
216.1561
1835_4
1190 960
177_913
823 75
1177_835
89,564
1089,1925
334 1189
1387,1985
1572_1229
237.878
1002,585
1085_647
389 211
307,1832
686,1325
1177_1253
1454_485
1948,1335
1110,1221
558_279
1511_1073
866,873
606 1668
324,859
1162,920
1776_1021
202.1528
1976,438
1092_121
1634_1209
871.1783
1639_1021
1086.1008
433.1344
1655.1137
594,503
259 1634
1747_58
1507,75
838,344
1540_1422
1221 21
1777.1181
1022,322
543.299
1727.785
238 370
1007,588
1685 257
1867.1106
493 402
182.1645
1666_222
1465,1910
1077_1957
601,1418
1567_1486
970 1101
1602_1630
1519,dr1587
42_303
510.1327
1802,1386
1670_709
1375_248
292_225
1400,1532
233_33
728.1324
1814 1961
1550,766
1683.786
1016,904
488 1545
1740,734
75,564
701.1421
1987,1889
1702_506
357,553
1259 499
730,1412
11_1138
506_366
877 1428
1056_947
1528_1777
1100 834
237_1978
1707 1760
1779_687
817,127