1000 2
11 5
94 84
89 18
65 60
53 5
5 3
47 81
59 38
44 dr76
21 47
10 32
89 4
53 46
24 9
21 93
31 85
82 5
85 24
40 84
63 11
17 11
29 9
40 58
63 54
39 89
48 60
9 98
26 13
58 96
27 80
72 7
29 32
49 23
6 98
15 96
22 59
8 43
17 9
46 18
96 1
94 29
4 83
42 93
96 2
45 51
33 58
0 22
43 62
66 99
2 32
72 50
54 33
55 77
9 19
23 57
32 41
18 49
14 17
55 35
72 34
29 94
41 89
48 78
74 22
90 28
93 47
10 45
4 dr36
66 47
21 35
51 75
26 96
59 48
4 18
75 1
92 69
59 82
30 27
87 11
57 73
64 15
59 11
41 51
52 92
44 54
73 77
92 56
71 37
32 71
39 14
34 0
60 87
14 3
89 13
7 37
92 1
25 19
32 dr76
61 75
24 54
26 16
89 28
44 20
2 93
74 66
43 41
72 58
47 89
96 dr36
23 51
35 dr76
16 77
85 37
60 73
2 9
62 40
15 13
17 30
69 87
92 39
97 32
35 62
61 56
37 78
43 17
94 45
40 12
20 41
dr36 20
27 31
24 73
82 40
20 8
48 21
53 69
56 67
72 73
21 86
70 27
15 34
71 59
59 22
40 81
25 50
89 28
93 14
8 99
99 86
13 90
4 25
75 26
82 33
44 50
8 93
33 77
88 65
25 82
6 43
9 95
86 39
20 71
85 18
25 43
65 60
66 26
27 4
51 2
7 25
52 27
11 50
80 4
65 92
97 25
59 32
1 98
72 56
7 79
29 3
50 49
77 64
26 37
58 32
61 69
54 80
14 67
20 19
6 10
49 86
79 64
41 77
82 3
14 6
80 20
3 dr36
78 97
34 10
70 34
30 6
70 55
44 45
12 30
1 30
99 81
60 7
46 64
38 37
63 12
dr76 60
56 95
48 98
6 35
5 dr36
77 34
13 78
57 24
48 9
18 65
75 48
84 56
15 64
11 57
69 10
12 30
55 26
30 27
56 69
75 15
37 52
4 29
64 96
25 5
67 74
41 60
10 9
83 94
13 32
97 66
13 70
42 45
42 8
71 69
4 72
50 45
46 93
23 26
59 0
24 8
7 82
25 18
58 4
26 61
22 63
13 32
12 58
91 49
69 51
55 33
14 1
25 65
69 47
46 17
78 73
5 90
83 53
74 68
7 31
71 4
35 41
27 46
48 97
93 99
73 69
9 5
22 98
34 12
61 75
80 99
80 64
81 72
60 57
31 85
1 28
8 78
44 59
67 97
6 53
11 93
78 37
94 48
10 16
4 84
15 68
18 20
75 5
26 32
28 dr76
13 42
56 4
44 29
72 24
40 8
78 dr36
21 5
7 96
98 52
53 95
75 38
22 10
47 43
38 83
33 71
67 25
19 86
88 26
59 dr76
35 25
62 92
88 27
31 65
20 dr76
72 42
79 2
87 26
82 89
4 24
20 52
47 58
40 5
50 78
12 8
86 99
21 56
71 96
0 2
69 26
9 80
17 13
35 51
45 17
84 46
49 12
11 62
71 63
27 54
74 26
94 28
87 21
59 35
37 21
18 44
72 57
35 44
16 1
43 dr76
72 69
71 88
21 59
77 14
41 12
97 46
22 13
dr36 63
40 52
49 13
5 31
6 43
42 4
22 1
27 0
25 38
99 32
84 71
85 56
67 95
73 3
1 0
44 35
31 77
0 23
10 63
58 64
51 21
57 29
40 66
8 99
86 48
20 dr36
78 60
1 28
45 35
88 54
71 33
61 25
12 65
59 82
86 91
89 27
99 63
40 23
40 43
63 69
82 52
42 34
25 18
12 54
79 84
dr36 15
40 dr76
44 82
49 61
61 37
97 11
28 dr76
83 5
35 84
65 79
65 dr36
21 23
46 93
43 51
17 27
27 92
99 89
55 95
47 87
50 0
57 74
dr36 70
8 86
46 69
83 30
98 0
31 61
62 45
60 57
2 22
15 60
95 68
93 32
91 dr76
54 72
15 31
15 1
28 2
77 23
85 81
12 0
86 45
96 55
59 54
88 99
77 80
97 99
70 54
1 34
43 24
10 27
26 98
65 87
70 94
24 96
29 99
97 66
68 97
68 26
90 93
97 90
51 28
30 71
dr36 64
0 62
72 8
46 14
37 65
2 4
33 43
25 53
25 42
30 21
93 74
55 45
90 29
67 26
20 15
24 57
83 49
69 16
94 75
48 91
35 1
31 84
34 45
44 81
20 10
99 88
40 64
48 57
59 28
3 48
69 61
37 89
80 53
72 96
72 34
2 87
59 20
85 99
81 46
40 38
1 71
7 80
29 94
37 49
92 62
38 89
23 3
60 8
30 47
27 64
14 70
92 3
70 31
21 78
32 54
85 72
8 38
79 14
16 72
28 59
39 66
63 35
72 23
30 77
26 84
55 86
46 28
56 22
61 85
95 37
65 30
61 39
39 14
71 5
47 94
5 52
75 64
67 16
49 16
97 78
1 7
63 75
48 92
30 33
99 75
19 41
31 58
65 39
14 90
93 21
64 34
71 87
45 22
3 28
30 35
83 22
26 25
64 80
50 51
80 73
41 16
4 89
64 21
74 80
70 94
38 3
60 82
37 48
44 46
95 46
15 24
88 89
69 9
74 32
85 73
53 28
74 dr36
99 6
54 20
91 98
74 90
5 63
99 62
73 54
40 68
14 55
68 47
90 43
91 55
88 56
33 34
93 63
19 51
99 60
64 89
14 27
27 52
37 68
54 91
34 26
69 90
13 55
63 8
31 28
7 83
6 49
12 19
99 14
86 73
73 90
41 57
71 20
96 87
18 14
1 10
85 94
92 43
14 21
57 72
30 58
92 dr76
6 50
78 64
65 60
57 89
62 10
56 74
40 27
74 62
0 39
77 95
42 0
10 93
18 99
47 27
7 49
78 53
40 30
69 97
87 31
83 51
dr76 24
78 55
42 37
48 66
25 94
59 41
4 22
87 91
13 33
26 91
52 47
14 53
13 77
99 33
86 42
3 41
5 7
16 97
78 dr76
18 22
90 87
10 37
9 68
78 42
52 88
73 80
26 7
96 33
4 1
23 74
17 43
31 15
91 52
26 37
2 16
1 10
47 50
82 23
87 28
49 70
28 dr36
11 61
92 9
67 32
77 80
70 27
65 41
17 56
38 18
48 15
2 54
37 19
45 68
31 86
28 95
51 22
87 86
94 38
94 45
85 32
38 54
86 56
78 3
19 59
17 85
9 3
40 97
78 46
45 80
8 99
44 dr36
63 44
8 83
90 46
57 dr76
83 39
73 16
84 38
78 88
29 82
33 44
4 92
29 11
94 44
52 62
60 99
60 65
35 9
42 66
2 74
11 43
97 49
99 16
40 57
99 70
85 55
18 91
49 46
12 22
12 34
16 48
24 43
64 21
37 14
3 53
75 58
75 95
55 45
40 71
15 54
98 19
1 99
15 48
64 83
29 52
dr76 58
27 56
dr76 93
82 17
29 9
28 52
21 58
29 42
29 60
43 14
0 34
8 98
14 63
90 1
35 27
5 26
62 55
3 29
47 7
60 51
94 30
95 8
83 70
31 47
59 46
27 91
51 25
96 35
92 53
11 dr76
74 28
60 80
87 95
49 44
57 39
69 80
59 69
dr36 30
71 29
98 38
53 39
50 18
86 23
13 82
39 40
42 7
72 55
3 45
59 43
21 57
32 21
89 1
28 92
49 34
56 7
41 3
48 75
69 75
68 24
32 5
29 77
95 69
49 92
62 96
86 32
12 32
98 85
17 54
21 47
80 45
79 47
35 96
17 39
1 45
94 73
90 89
59 98
98 60
32 53
39 45
13 35
13 83
39 68
42 38
68 52
55 25
50 59
90 86
99 90
16 33
5 2
63 74
71 72
57 45
48 80
21 4
89 dr36
20 28
57 69
55 38
55 64
28 17
29 6
95 20
88 6
28 13
53 68
26 38
31 43
98 9
14 45
14 15
44 27
61 45
58 52
77 54
92 27
33 5
26 1
17 51
71 77
47 31
61 90
20 42
41 47
92 10
65 58
42 59
15 64
53 48
22 70
56 93
93 16
61 1
dr76 30
49 19
43 84
71 58
53 8
56 21
86 63
43 22
13 65
35 82
6 23
0 21
67 3
63 1
20 5
24 19
95 83
66 14
11 69
53 54
8 60
66 77
23 89
39 28
9 98
34 53
68 40
91 1
74 64
10 93
28 83
98 63
54 61
dr36 18
54 53
89 58
17 63
73 3
38 35
3 1
84 24
55 89
95 48
32 7
2 58
48 41
28 15
75 80
92 31
dr76 67
dr76 8
6 16
79 85
71 92
67 69
18 91
39 47
83 77
52 55
21 dr76
7 46
81 5
83 82
70 10
85 53
88 46
22 35
33 73
40 25
71 92
9 13
1 65
5 49
86 8
11 71
56 24
16 82
dr76 1
69 8
74 88
35 63
69 34
80 43
11 27
23 13
16 61
57 83
4 21
88 28
54 85
81 59
82 57
19 0
51 97
15 81
28 15
71 49
86 91
82 95
32 86
18 43