100 4
9 28
2 23
11 3
21 12
dr17 7
22 10
2 14
5 20
dr17 8
19 11
28 25
dr16 10
5 7
6 dr16
26 19
15 dr17
29 0
dr17 5
15 13
10 5
9 dr17
28 0
25 28
27 10
15 22
13 22
13 4
dr17 14
dr16 4
24 5
18 13
9 6
3 12
8 20
24 14
dr17 7
25 21
22 18
10 1
26 22
7 22
7 21
13 15
11 13
4 25
19 3
1 0
28 dr17
18 7
15 0
2 23
14 6
20 15
6 28
9 11
24 0
18 11
25 dr16
dr17 20
7 24
1 5
22 29
26 3
5 20
4 24
19 20
6 15
25 dr17
20 7
6 19
15 dr17
8 21
24 19
25 24
29 1
12 21
dr16 29
20 8
29 7
12 13
26 3
28 14
11 1
24 11
8 13
1 23
12 0
27 8
24 4
dr17 13
18 1
4 18
20 29
7 13
dr17 21
3 10
18 22
25 21
23 26
9 25