100 50
22313321212332233212323123221312
132133113111313231113331233233111111112
3122123233132122
13111
1323131311211212313331331213223113123332113
13211323321323332223131321212133133311213323
22132113112331333
332111311331331
2231331233
311311212112312223111121222121222222322112131
32121
2123112223221232123123221
132231123112322
2211123
1312321133123
3123122133332233223111
2222111333331132233321331223323321131
33233331231111222313331312
11
122213123
2
13313131121331322333331331331
222212111313321132133123322112222232
223332331312221223111233
1133332131231222223233131313312313131
3311
1323122133331331123221112221112332131223311
121322331111331212112312232121322132111122313112
32221221121322331332312313122312231232322113113
232
233123231323113213222232322123312111
3112131213311222212111122211331213312
21211121232213133233123211223233212311313112112
2112333331213121233232311311313121131312112211321
311131321313222231211222222211212211112332233
333111121111332122111212322222121232321332123213
1213221221123221122
22212111313332111123123322321111
3111231311
11311321331233221
213
21331211322331221122
122211221223232212313332333221322131212
221321322113322331113311213223321233113222132
1333332223323231111123122123332
32311313121221222331121
12133111223323233131231331312312113331131133212
1332213
131322222231112123232232223333113212331312221133
131323333312112123132211131313211111
31
321111123322121322321221233333222133
111112221332222323131233123
21331112232111333231123313211111231323112322213
32312221313
13212322313221312222
32331312211323323313221323
222222
1311223
212221121311332232111122223232312232333222131122
31122131131113133312321212332323
223312
231133223311111
33323121212213121332
1311131133
112
211212112212332
11112312111121312221331322311223
13122
222222111121233333131232323111223211221231
32131223213122113233123221123332212112331
1322323222212
1132221321222331333113313
33231112111122313131333331132213313222321
2213223313332211223222331313
3
112223
2313312331211322221132212
2112323
313322333232233121211333232222
3121231231123112
132122323121112113231122
2212
232
3231222121223
333223231333321333121113213213
2332
33322322121121321113321322
33322311132111232331323121133333
331122232113313231122211122
23213332233222321221321112
33333
11333121322221332322312333112232312
1113333211321323113331122332
13
31323331211223223121123322332212113
222323133121322332332
11333131112233222131321123
131113311222233123113323321321231222
21212231321223133222233223112113
312122312221111212131211313312221322321233113
333331213113313321132232222331313221
3232232131313233322321313313131211333122132
231323333312112123132211131313211111
3312123122312131311132111233313222
323211123113132121122312121212233223231131123122
133212211132213113311131223133212133
2131123111311132121112321
322313332221333211112322113132123322123
1221311312123332232131
33233323312123113331123231112122213322332233
11222323133311332311333223123212131113213233
32331133113333133232
22112211133233332113211112221122122133
3122132323332313313
3122121212121133112232113221332122232311322212
333131311133132313111111111231211312212
1312123332122331112222313222232232221121
2333221323211221222221
11113212132131333112112333223321222231311212
3122133232321131112121133213
33331213111312223
11123131112312223332232223
121312223213123132311333221213131222
323233131222133121123222211311323332132222323232
211231313133132322212231312332
1323331
1333322
2121221222233323333231223131312112111222312111332
211212132111322111311212111131131131312131213
21331313132232112132131323322
31312331323133232113211112131211211232231113
31332131113233221233212332132121
22211323311
212132233331131232212213323133311333311331233231
322331132132211222222212122213233331333111
2
1
1321121121133
3323212131
3111133321232131
3131312
33233311212121133
121113132211211
12221311221332232313333311331223221132213133
311313
1111132
11131232322222332312322233321311131333133
2122111211212323
32