1000 500
213
113323133323212
3122133132132312321321112331313123123121323312
2332232222123112231231133133221323231113223313322113
21223233221213213
221
1211111211311232223233122313213121321231322133112131131222111
2332113133111321132333112122122123132113222112223223311131
1332231112213123112
331123232122121112333223321313221
12211
11
113322322231213313212332132233313
112222113222333122111121331321211111121213
213313333
132
13131113233322122331133133222111211321233213122223113
3211132211211313112123113232133212333233112213332211223
111131221222321331233313313313131313122232121213221322213211
32111211332121222322221313211
12313311113111
2121
331222213223222
311212333131232231231113132211123132322233121211211
211121122223131331211
13231221311232332133233222332113113
3313132111333232232131222211233313223322311111232233131112311
3112333221111123311321113122323321
212332122322213131132133212212
3
3321323113122121232331121121
33231221213212231111231113213331
22123311121321113121221231
1132321221232112211221
2122321221113231121122312332133313133312
2232122221311
213222
2332313322112123211321131321223133212111313222221112321
221111133231123213
13311231231132313112311232333222222
232223133323132112212312331311323233121122211322231131313222111111
133321313132121331131113212112123332313122132231222333
133323233332131122132112122123131321122113321332211211121213122
33133121211233112323321321131211122213112
12312
2113111213311213221122332332131133231112311221222211
13132132123222132121
23321131211223133111321323121323211322222222
32321221232112211111112331223313133222212
2132313131132123121332131
1331322323332
13123322332111222131212223123333131213121323131123223322
12131112121
231
233112332121332212132311122333
2313121321331122221132221312323121211332333321
1323212213133
1333321311211
232313331131313133321113331111233322233221212233123333313231
133232212323121122212222213322232113213312213132
11122132333232232213133231132132121
23132222121
3223321133112121133321
123321112321322321222222123322133231132133122122332232
13122132123323312
11121231313333122221311132311133213211232333
1231311123
1123
232123223213111111322231232
331211213133121
313213233
22222232212223223231131213113111321212223211223211133211213
31313312211232223
331212121213322312132211331321121132113
223312
13211233321312222312111333332
2333111322313
2
1111113333121222
233332332313121133223212223311321321331131331222113123211211222
11121222113113313232311132122122213323312112211
31331132123311222232132331312113132223121222
123321213211212233112322
111321221332121112332131333111313222331233221311232321322333233312
33123133322121313333332231331223
21321
21331311313113211212331133233311131313321321131333113
33232112332322322332233133233
31
31212312223333111312333222123223322212221322221111321221
33223312222331212231111211221331121
1132323131333212132212311113211132312
2233223323331212222322133322121111222
232213323231133213333121323312213313133
1222121111122113113231212112211123132312233232312123232231111
12233311222322132332223333111331213311231123
3332323132121223
223323221311222211212322
123212231123332132323213222332131
331212121312213121213311232321332321323123213333113312
321113131123233223332133231123211322111112323111233112333223
1311211121232213211211113131133222311333223111123233132131312233232
321331312321322133313331313331221221331123
33211113233111
3333213233211111112232132223333123122322223133211122321111112123113
1
221213233111322322311323311332331111213231131111311321211222
1
222312211
3313322233313222321111312
33331331122323122331123123221333211132223313322311333223231222
23133123122122232222
323132112221322121132121211123222
23221131231212333133
3123231112111323112211323212121233211133133233111211322332113213
231222223233333231322322113331211111131222221
123321221313121113221
32121111332232322111332213111223313232321123211212332
32123122131233311312321
233332132122313213323321113131
312
322133123333331132321132213231221333121113123232
31223123
1123212332113331211132323222232111212222322222323121133112322121
13322313332
131212112123131112113132211333323133311112322
32211111131331233131213213133313211213311331321111123232112111
122321112221333313232111121231112311111221312132132112211
2233333132313322222
233313131331332223311321111131131133
231132331222232123222123312
32121331212323111223231132211311332212222
22111312321333333123332321323221322232222213131
1232132232233321321331331212
1322313233232312321222213332122232131232213213132
3111221311133213112232111123
1122312222313311122313123333122231122111133223222133211111211121111
122132112113123132321131221113113223331321213321232
332311232111331132212312323312323
312223333223122111313331212133212123332311132332211233321331311
32
22221222332132112331213211113223132211123331122132
23133122332111132322121311132313113111232122323333213
2321221223223232333121311313
3222313
32333113333321112231331
1123212233
233312132232
32333323232221132233212332131312
212322112122
332212121321311112132321212112331
1312232121312132333311221313212
122131331332312123113312231
1113232333112331133212232232231
23223312123231332212111232122313132112111113313333113
23331233331321113223222233321222222211331312223322313223333321322
33332122132233
32311232321233331221311112122122311112233231232113
33213112223323132333211323331322321233
31123322112322111213321312113111333131122112
13211223112
132211133132113211321121121131111321333121122221223313133311232332
1132212313
1222211333133322321311213123231122211122231121231131233311312131
133212322131132233113212133333231233112213132233111222332231322
121333312133121221221113223123133
323321332331131222223113331221331323132121332221221211
311121331311223233313121131
1112312131311233322
23233332331131113113232122323133311111121123313223221123211132231122
212212111212312213323112233313233312113132
112123113122123312
3123222322323331323122213222333232133313313112223122112133
2332322121311313311131112331213221313322211311211131232211122
1123131113232333323313213113333321333221112
131223321211331213233322123321231313232232133322332213133313
1
131321322112233122333331323331121332231123332231332133313331
11
333311121112333222313213322233212323331111213133
21232232233121223231321212333223123122132311332213221312
211131222112332232
3
13231223133313213131233232111
122132
32223313211132211233123213113231222312321212131113
121233213111233223231231323132122231331332211113112
211213321132111212131231
13222211133122111331311313112331331131333222312
313212112333222331123322123122222331222322122113133
21232322333311113312233323231122323231322123
311322233121213112321222323123233323322122323322233221122
1112321121323311312221231122
232232332222313312333312123111332211121122112231212223132
11221312311122212121122112221
223323121221312121211232133211331213121311312333122333
121333
22312323212223212122332332313133113132121211213323111212212122
231113121222223212212332211132121211121123221233
213122313
322333333121132
232113132333
12332331112113231223123331
2313212111133232213232312231122132321331112112
12332131323311231121321123332132312
1232221111313223332212221132111122323212311233233223222311133
23313131121
12323131311222
3313213233221223322133233
22211122231122323212212132332233332323331
322213233113
221333321322132222121131221321212333333223221
121133313311333223233121133211222
31133311211312211112133221311133133233312312223132312323212122222
13211331112231133222
23211213232211121132123113233113123322212321131122131111222121312112
2223223
1211231221231211221313111211122211221212213
1122113332213311233222123323131232133232123223131331212122311131121
312122322312111313311232131331312
22
3123313231122123
12121333231131231313321211133221
133212313231221212123333232231313311112331111131
21133123222223233233223313231323211333312223123322313231322223313322
331123331211322223213112212333323132212
322121122323
23132311321323213221122321212113113111231111312133321321
11211233312232312111313331311233323222
311332111131113
211131112112121131133122121323133212213321132232223213233121312
131213331223133
11233313221
33131
2231122321133113
12131121331312212111212121122313112111223312231112312
322112323121321311211323111223233332213
3321232322131321113332132222313112331232331212331331133113222132332
221322323111121233
23213221
331333122132212121121323
11121313213331321323212212221213112131211211312131122
123322311112213231112312333212
21233322311312311221313323133211222122
3
33132311223333213
32121333123212232113131232133233311231133312131311
22122323
221223223231322113322131313131213233111
11133233322332331111313112322112321111223113113
321
3213213
311133223
321233322121312122
223232113113121211113112232113121311131311
11233223121223221123113321331212121
133112321321233213113
2331333233211131313122321111121332132331332121213
33322332323213113333322221312122132332131
212133211211131313321323113313132133
3223231131213111121313313211122221
22133311213212232132213223
13112111212331232122212122213313221231313
23223131133211323323113113231321212323111211321
1213121221121311211121311221233
111113323312321331111221112222313131311311
22233313131122123132231311313331221
122123
1321
33311
221131221223
32231111321223333313211
1223111131213221111323123221312321112322222311131112331
223133233332232211213133131222
3122131131112131132
31213313212121232231133222123122321212313223313313
3311322332211212213
22222321112212111211311322222332311133223132233112333
11221331213132322211111311
122211121223333333213133122131113331322122221121
323112322332
1222312232122132131211313321131122321231123233333
223332323213323212313112311232321231233121131231213331112221
222111221313322112312211
3223132123232223312212313231
12131333313131212113213112221122222131233321132231212
3333322331322211133111121333233232213312212
2121331211231
323111221332311213233132121132321213
21323312212221333312222322331233113123222211212133233211222
3111213311121331331311223123123323313322
1232113313233122121223322322
12332123323122313123213112222312
321112232213323311112223133
3312222112111222331313121331132313333
312332
3322133211212131212113232223112323313222231112131223
1132232121221113323232
2231311212213211
321122313223322112112121122122333233123223223113
3131113113233132323
33221131231312313213331311113313321121122321233113213313332132122
321332123
211233232223
22
223222221121213333231232213331333312221213
31221322211313231113113113231321332332223231231323131
232312211211322233211211332121113133
2333221133232
33123
233332131311321313111223333211231312
2221221213333312231113133
11321121221122211222122322131113223212232221222121112111213322
3313222112132112121213232111312132113321311113133223211111311
123233232111311211331213312322213231311231222121312112312213
23113333131321233211
2112123111332112333322313113
332222331231112321323223113323323113333323113232212313123112
1212231113232112113323
3323123211212313233211232332131322312
331332123333323222223333
232123213112113122313311133113121132211131111221131
212211123223313213322223131211112221213
21331321212
333231232222311121213312321
33113313322313323133212231123132233121221311333232331331213332221
113331133131333333211322123
31333133132232222231233112223122331
331331223112331321213223233213213221313231131132132322131
121121333212122111122332111223213311111332131312113221231131
332322131312
21213123312333333322111333313133123133131121132113232311211133
22
31111122223322323133331121331221121113232321323
3323332233332121211223322231211131322112232332213133212211223233221
1122
312231213233311123123333133212111311222311331312333211233232223212
3332223321211333233
331311121222112232321113233
332131333313333222112121222231332123332332321113223131321
112112322223123323233113322131113232331221121333221112311
12331122333321121333332312132121221
1322121122231123132221131322131131331223213132221221
3233212312
2111232112233233322
223131112121212111313333311
1121131233332332312222213112322223233322131322313
232132111222332112333113333112113211131312233221
332312223332322133121313111231211333222331111322311111223113
22322
1212113211331212232321232123223131213113111313111
2321131132132221321323133322211
2223332312333331231123111223111131231322231133
231113322123113231122112121333211231132231322212212332
2312232121111311113133131
123311222
32313132313123321121131133333323
231213211111122213233213332213322123233331321123332313322233
3323111121331221322233321311323
11322333313233121231123232332311232131311312
311311213333121313221231332112312
12232
2212212313312321222331331322333223322
3332321322111122113321213121232
231133212211132312213123312312133213
1121323233112221111212211321211
31323331231331
33212312332323132221212112133332322331232332
3322321121311313222111122232232133221212112
12122211211111133332313321333121312211233
2313212321313311211333131
3121323213333333231
121333223232332113222131111333231121312332113121222112
12132223211332312233122323222212332123211211322312
123132233132123113111221232211322212133331332213211212321
1331132313232312123223311312323311313121311211213321133221132
11211323321212213322131332212223122212
2122213322132211331211321123221223313311221211312
111131121213111121221131221111232333231231322231333
1213323332322323333131232322111312333122231131133233221112331
131321332131331333112111122313332211221122122333121313112
12121133131121131312232331
312133212122233231323223322231
1211121
23223233312312131113212112211322131331132133131212111
223211331
111122323121321132
3131223132233311
331133333313332232121122111111332321332113112223313131211
323332211312223313212313113212131213232323212322311122232233231321
121322312323331231133212323211313122313232
2232112313112222111222211131323333123
122112232332323233132113312232223233122132111222132131122232122
3123331132122321333121332233123123133232211332311312112
31211323133331132313
233122112311123313321221312322131321131233321113123331223123322231211
212213113313123311211213
332223233212333313222323
322321112113212221123313311233211211321111123111311
121213133323
13223131132133231221312111321223112312121332112332223222
2111222322313222131311322131231313132331323231312
1222331331
32311132112321233311212223133132312221332223332113113121233222312111
22233313132122133221312321212223231113322112232313213233331
12211212311221113332211121
23112323312223321112231333222213333311323121233
13312321123322322321
13123322333121233222213133312222
1223331313222313321321113212332221233231321212
311123211331212212222111131332233211
121212212231333222233133332331233211332123131212322131323233323231
33111113211123313213
1
3113311213221223333233123113211212113132311
121321213322321313122221232232332133131132331311132333222
1313123311131311311332323121111323221211321
2223313133131321312233323122321311133213212333123132
3231123331312313121113233
12223321311231331213232111212332312
21133123221313222233221323211333
13222122111213213232131
313221122121311113323221
323313131112331332313211333232113333123233333332
31333133133313112231231222323121111131133322321313233312213333212
3322331211313333131311212
1
12233221223212311323312222223112232231222222322332333232311233133
311
3333113213113122122211222221131123332123331111313312111322112121
22322323231213233313222222131131121222232111112232232321322113133
23331321
2132322133322131231
11
223321133122212221132123133211112311133
1
132121211321333311333131132332212323212111
122112122111221212222333211
1322311232232123133232332331332113222333312131132333322312111233211
111
11223321113133111332113132223211312232113321213311213313112
3123321322133123222133233212313112232213323
221232322331222211222112333233311332
12133133222
1231311232331112323312213233231133112232211332
12223233122233213321313322231321
211212331322
2333311221121312331322313231122222312131122213113233132312133
13211122312333121322312322333122
13223332111213
33232121232231233132321131322122322321233213213222
332132121333131123222123133333121313323311121333232
22
32223132313112113223122232113121
23221
2112112333131111223322222133221121231311221213231131231
231132222211
1311232323123113212312223123132221
3123111221112212313322331213331121313213333233132231112133223123323
233213331211221131113122323
1231132111331121333323212133312333
33213322323122112213233123331131
2321332333231332312312332122121121311232332333
33213212331
221323331333113312312132123221321221221212321131
23211311233
311113312333133232331231232132211231321
22211322321212132133122132211122
21211
2121111331
12
3313131233231323313131111223132321131311231112322221
2311111132232331313222211112211
112233111231233323231111221231231213233323
1121331122331111121223113
22333113222132112113212321
1312111311123111121211111232213112111122
2122
3332323113112122331
21132122333233131
33221122331111131131333322133321111111221323122213
2112132122221132112133233131123213333112212231233233332
311221332123233111122111223111133211121113312312213
33332331331212122211233221121222223331331232323
131122313212233331222322212331
12123111112112222212212323323332222322311333333
3223213331123313222113333113222332231212231332233233
23321322211313323231322131132322312222133221
33331321113132131213311122231213233233331131121
312221111322112221232332213132332222232122222332133
21311233312313332322
12231312232331122311133323232
111132322222233331133221331113332133132313123
132
23332231121323112231131221321121321333133231113
223322321122222112123121212
11123211211112321233132322122232132232211111332222
32123213122311213332133312112123133122322113113
331131321121312311323323323211221133212231221332112222
112132211132132222
1113331312131313322313132323212
211131113213211231132332323211
332133111
113111
323
2213313321231223333321322112121112112111231333313232313311232332
213123133331111
2322122123122
311311221322333222132131332131111132221122111123231121123122
231223331111211231312211213323331312333222212232221122213
111233221123331323221221133122232333123313132331212
332
13333333321321323121213333121112
332211133212232211113112331322123311131311311333221113132323
31111212
232122332211123112322312231132213231323232323223323232332131212
3
22133333223131212232
13133221232323113233
1332212312113231221121331122
2223323332121321
1213133333333111132212
1331332121213222122123321111311212122
1132312112122211
3132313323332221322113122333323223121221
3213323
11122321121113112123223113313
31321123113
21232233112132333211313132113223222211321323
3122112222131131222221313133331223312212
2213122321
222111212313
22112132322313121133232321121113132211331122311213111223211213232222
32212222121233112212131331232311131131133221131123
22211312332313131112121322223232213221333331
23231313133131
332123312321333111123233111113113133
2112312233
23133333213332111132131212122133312112133221223
3322121113232113222221112132132223133211
12223313332111332112122212113213221131333113331221
11111311332
231123313322312131323323132323321233313232332332132111
112111321222321113223331223213322
131322322231223121123313231233
132233133123233133111213233131112333112111332222211211213212322233
22132122113221221132122212332133131112121
13212112123123213221221223133311133232211133221121322222222
2332233313121212333111122
2322323111232111333132123121222312321231132312222132232
2313332213232311223233312231321322313
33312112212311
233232121231332211131321212223311121133222223111312333113223133331
3233223321113133112132113221133
31121221112121213211312211313111312
33112232111212123112123232
3213
3112212321233313213231131
111311313331313333233331332231131132111233311311221213233212333121
233222113211312313222322121133323223231132122221221231333322122211131
322223122331113311322
121332
213321332222313133333332212223221311332
311213312121311131333313331211221332212211323133332332121331
1111133
1111222
1331212231223321133
23131
23313313332232323213213
2223113322
33321321311332112131331332231
333313111311131232311112121311
112113212221222312123
312332313332211312212322211322213233321313133113212212233111
1313331213132233123313121112323
2312221223323332133221212
2113231323333232123132313133311121
2333132233233322212223133231211223332112331
1211113323312331233133312323133331322221313312123113322312231311
3133121322113333212
1122321113213222223
3112133232312221221311212131213213122111212211
3123131221232322111233211331332121
13313311233323222322333131232231311312332333213331221332221112212113
111321311322223312111323113213231133311
12131233131311212331312111332312133323131331311
122332312112222332
212321113332211231111133133311123332231113212211113
21311113133112331113333333212
2323223321222221232332232111131331112123112333
322212123
2211112
123133322321223132
221231122311232323123222321321223121112131113113212
2132221211331211222232111213211122231133122112
11122233311311313111221111121212211333132
1113111111213222332
233113323231323232333
23312213112112122113
3333231111123323
212
32232312122232
213122121322213222311131111332
113213212333232313221212211213233121231222321222222322
12231222111231332313321123211211332122123
21111133323131221233323231211312121123331222221111311331
213132233223122
1113233111113322133221
3122
12333123231121132332
13121112332212323311132
12313312311333111
311321211312312232323233123133333311333231311123312121123332321112313
12233223323133213313212232123121321331
13122323122221311233322322321
3332123233222
1
23233213212131231233333121233323321113332132312333111313211131312
231311321211211213312322322313311131211213111111311233123223232233332
1321223112211132321212331213213
323221113331133222233
3321212121221221133111312
2111313312311222311333221321212211132313132223221332311231
112331211111113121212331332113121131231332231213231222211
121223323322221121231323222223122333123
231231313212233331333
231311112213123223112233322332312113231321
12313222222231322121123122221111333223133122122222231232
22121231311312131122121131111123113212311333223121332333222331331
222123113221113113213323311
22132322211113133113222311231133222322312213311112313323123
3231331333111112213233123133122133212333131
1123223121323333212131211
322132122322
31312111312133121223222313232223133233312123231333123312
112133312332322
12211321231133221323133221331223222
32223331131132222122
321331131122322223333122232123223221
322113331213311122123312213213311212213221132222122212131
211323311132231122221233311312331332132231111321223213213232231212
133233131312231223121
2323332212
1333112213232133311
33223313323231133123313223221
313313232222313122223331131222212233132131322131133111222312323313
3333331212311311232212113233223313121222323111123131231322121
1331232313123311131222221223
113131113211121221122132222312212322133312313313232312231311
133331
231332311323112321331222113113223112213
311332113123312322321123211312223131232233233333311232321
21121233132321321321113131132131233233321233132111121213232211211133
2121111111222123113331112122131111132311331131331133
12232
333131131312311221232322331313122222111122323323122322
1211322222323231221322231333221113322333231113112133211222
21313223113222322113
211212222321123323
311221123
311312112231131323232211211
3112232331331121233122122211332322313313233332233321331113113322
3123313113121213311111313123212211113231232223231221223131
2323111322221231112111212221122122313
3
32212333121132213133322121123122223212312123121123322231322
2111331123131221132233322123332122213113123233222
21233313131231111322122313212112112223131311111311311
11123211211233
2322321221333333311313131333
131121233322233322221223
223322
3132222112322113312121132132122313332
23
121223331221123311213133311121313231333132332332
22122313223232231211233121123233322
2322112233113222313212333231221
21322221123212231232223233232213333213233131211132233322322
12313123222
2233332322311132312221132212332123121321132312122121313123112132311
122122221131312111313131232111131122213212121
1133
32212112221332213223121332322113221121213211212121211112311121
2133131
122311132313112212
312332332132113311131111233133313333331122212221321
11213312113213331233
22133232212
1121331231231313232321312212231
312231233221212121131213
2331131333122331123133311322112212111121131133232232313311
1111122111113113231321231211222111132233222322211321331221312131
2313223213231223123131312311323333221231213
321123122213113323112331133221322131333313132331212312232212
132213332121312223323222331312231322131122321323211133233321
221221222231321112122
221233212322212233233233122222111333312133
2233323213231321111
22321321313331233222212223
11313223131131321311231313332122121333212113
31332323311331113223112123
3232213332222321311213332223211332133321323132311321
131221123321221332133232322121222113313223223112131
23231131233211122123221132321112231123331333
33311223131
3233223223332331321321123211231212213123123322
1211223322222332333132122111313132111111
1211313223313123123131333223321133232313112122223231222232132
32211131
212213111311211311231223131223123112313112123312131332213222311
333321
332132212
3331311313113
2232113123133321313133211212331232132132322321132
2222311113333323332333231332121223221322333232323113131223221
1231313123121331211322211
32323312132133231132311221121212
31213323213233233313131122232312333
2123312222332213222123313232122332211221332212
22331232231313
33121123332313122321211212332132131133313
131221323112112112212313333222
311231131123122311121123311131333221333212322211
1323213113331221231122222
332132112333312121132111131222233
23212
113312112221331231133121213333122
1333212231131132121221331311321213322
1123121113213332321332213311311133112
32222331
13122123211122212323113221213323222121322212211
23212123111112123132132223223111313313323112223321222111322122213312
3222333112232223211113231321321333211133311233323121333232323
1221322312132121233123223231312233133331112222212333232223333
3
21
331313231331313313123212112321222223121311332132232133132112121332121
221133333232231322112112332332232311123
3223312112
22211231
331132
33221233313232333233211131331212332222
1323213232212232111122
213131211312
2133312321321323221313112322133131333313312312233112311111213
322231211313221333121323323112333211323121112222
11111133123331211121132213322322222132133121121321233332
323131121121321122131223
2132232213122211132122211331123331121
212
3233113212132232121211212232112131
321132322312221322133323123311133111211331112112211
23323232113121
333333233132311122121112213123
31
22312121223131123331233212
1131231123121211331331132233311213132323333321332111111332323
332121122123322122312132223231321122333312322211312232212211232323322
2311213111232122122111331
231111212211123323313323332113312321313322321133123232123323211333
21123321312212321231231331332131322323322331232231
13213312333131313113311122212132333132111112
233333113222211131212233311333323113323133212313213222123
2233323332321312311323
221121311211333332323221333211123332112133112331223222133
32332313233322133111233133213
323331132333311323333311222322333123111
32321213112331122331313121121321312133123233122213122222
31322133113231212113232221212112223313311213323313312212121122113
123223132223333133312113223113113222121312121113
12232113
3213112131221231213331
23231221112331323
1333222232222112111321232313132223131312232123133
113321122133112311333132313222312231312223231211123322113132
123223112122113113222132311131
11111322213323112213321123122332122133112212122223
32231331323333122233231112131322122122222133131221222113131123222121
211222122233312123
1231331112233123
23131112131323323221
3332221122112211312223133132211133223333221321231332231322322
22332221
2321111333213312321321321
312113211123311323313223113133131112133331
2212213131123113332312
11313223113323231233322111211221
223113113131223222211213133221311131212223133312331321311223321321311
21311231123212212233122131323212332
213231221332131131231
1323132321123213121222113311213132231321113313222222
11
1213312223322331122213132231123121233332131312323133313313
2112123121222223111111113232112132112212211
2211123321212233111312313311122312321333212113223221321223
31111121323212131223332223231
3311313231313211112233233333312122331
333223331231231111111121223331232231133321221321322333
332131312132133113212231212322333322233122312212313331322332321112221
23
12223222222321131111321313132331332312232222221212
123312231312113312122132132221312332333113111212123333
3122112333232231332131132321333213322112131322
3333133133333323331133112322211
132312231323231222223112111333231321333233113323223322331311111312
321332111123122332113333333222122111111133123332312332123131212321121
33231132111113231223312
13131211322133321221313131113232313131122132333113313211221133213
113112323213233133122233333321232322112322333112
131131333133321313123323133231313
32332332213221133211
22122213313132332332122133213
3121332211312222332232212121212213232222312
3222331232122213131223223132331133
111313222
2312232331311
313222112122331211231122332333123221213231131132223313332132
12
1
3213332113133
332311122312111232312333321311
131311112111123331223111213223333113333
111221213233311312311121212321213222313321222331212232221113212331
121212232331131
2222133231221123
32122112323232311222121311111332233331323322122
32313122123221133132221211212111
223332123131323222233
13321322122122113321221223113313231331323111212
1
12231331113123213311121232123333313221313
12232333113312332322221311111121311
331332211232212131233222111
221322312222212123233113233131333133232223313212
21223223221331121321213231222322113132122132223333311
112112221333133
323322321313
31232331
3222323332123322131312333122133211222231331213311133133
21
23311311111333231221231112121223333131333213232111212
21232133331131212111131132321223223313
123112331221133122221131232111321112122333233111323332122123331321221
1
33111333232112213212131213323123322331231111
3222332232321233321322131132313232222231231132223312113
212112321313313133233133211213121332212113321213
121333321112131331123313132323213122112
213321113132321221323131321331211
322
232122312313231331132332332112122113321121133213
21
131112131232
122131111313313333231111112111123122321223
131122113
3333231111232123221122123231311133232331131112
2221323311132131231311122233111311321322123
331322322133211231232312113213233
321121212321213123333113213311312313232121213
21211321213233332311112313321121232
213233113122311322312232122323212333213322123332211223321
2112232
21313132211321332323131321133222132231332233212331132
31131122331222231122123231331222322223321223131212132223211331
321132123222311322133213113
113211212231113113321331113312212321231122333
21232111
1212323133113121313332133
122212321123311331231121133332211312233313213333111212321112332
2211
2321322212331322313122111212331322211132232232311323332333123223
3113313
3213321233323333112122312
31221
2213232221332333313331212322
3321333111
13133221211321111232332312133323
1113
2113323231
31113
122332223212
23223122123232123131123121221113211
23332113311322213332331131
11132213221331311213321123233112123121
31112331232211313233311
23332231113212333333
321222123223
1311331233221331113122312313232133221212311321211323132
3132233112223232121223121311121311212313111112213221122133221112312
1231123332313111333213312231
312232321131223132121311221132321311122312332123321113113123131321
11331233231121233232223222123131211221311123211322121211331
311321223231323222211312
222312222213122232333223333221312113211232121133
21131222122223111211331123211231133223323112331132233131333311221233
32123112311312211213312313231113112111313111
1
221222323212122123112
231321121322232333322112112
3331312311331221332121221223112323333112222232213111223
3232
21212123211133
133332121223222121212212221
1331223112311212312123233223332123333
22323311122
321321233221212122
333
2332131321123213332311
23223321222232223123212321112212221212222222223311222223331233
332213312233223131133131331322111313133231123313311131213323
111222323322213112121322331112111211221233211223311213322113113222321
3113333113232212111
12211112211
12212121131322133332213113212311222233312312122311321213212223323
1121213313321233133122311232231321311121131232131113221333213211212
33121111132223323112312131133322122211132313122133
133333113312232312131112122332112333211123221233111333
22231312333113323132231132313213232333213
321311121323211311131112112323313122333213112
133212121331223121123323131311311211112213321333322332112131213
231221112132231123223
132211321121231123
11233123112331312213222223321223123232111213131331132
1112122331332333212332322221333233232233123111311113311123321
1122123221211312231
121132211122323223223322112213132
31223331332
22131313333131222121113113121112113121212313
3311233112121123213331122
332323222311131133213113222321333111223333121311
121132331311322122113132111113212331121112122333232122322111233212
231212313132231231122321
232212213212332113231212231221111333233132
23212323112211
132223332233231122331231212113
2323121331222
2312231
223221322232313231333122332322232331
3311221332132212112111121123123321233312321
11133212123233313233212223331312232
1322133231312233132222222212233211312212211122212133222313122111
21321111223222233113212332112
322113212232213311122111111231211333123223323113131332111131321123
1221222223321121
11131323322111122333211232132311333112333313313123221312
231231231222323133
22311313122131221131232223132131
31321112331222312212122112322113112312231122122121222111113
21333111231333313121233213122132211222223212233222231222121333232
312333322112131132212223223123222332
3211321221
1233112131233111
222322331233123321311223231323213312331211331322233332232
32211132233231131123333331123312223212223
2123222112223321212122112132312
22131123312132322223322322211121213121321313223
1333222112133332211221333121133312132133231331211223121333
3333221113323311331122321
3221131321323112222322233331131223121
112111333312211113222313
2221221123113231233123
331311211123312211232312121112221323111122112233
3122212321232121123113213233221311132223231
321321111212211333121211232322311323322312233113232333
3121312322223313123332111321333
311312222313222331221221112211331133123112333223111121333
232223221122322223223
322
3212113311222122223211113223113311
1222121321131132231311233322211323112331232222131221333223232221
3112332121123133232131222322321333133232323233331222323313123331
23333323233131211312331331131
111321232321332231312322233213132212331221231312111112212
132323122131
21122331121222122313333112232122133223122
31231313212121223112123
1112131111222222323331
21232
32323232231
11231311
1222233331122331132
32223222311333222333221221211233122331
2
2321323312323332321311212
3
312233323313112121332123323132113321321212221121112231212223121321133
1123222333121113332133212331323121112312132
1331232322232231313233233123131132233221233321113221313233133112
12313313112333223221333332131231
3313333111221311223112332113132321
21321311
22221132312222311313
113111231131232222333
31212321113232222312323233133133212112233
11133112121232122112232132321133213331333223121222211113323
3122321312312321132321311211112323112132322323113
2112122312131132121232223332223321133113123
32113232132221331232331211333
333332211321323123
223133323112233132232222222232221213133
32313132113211223132112311121133313313332133231313212111121
23112123221312111211232213232222223322323131231113133112221312
2213121332232322331222133332111323111322232233311
1331313121322212121123
321211133331232332222223113121221132331333331222223323232312111111333
333321332132232113311113131232213313311221233211313123131112232221
33132113221321212321131221221313312133123313321312311331333
113312221331331133221331122113213333322233233
3311122221121222212323113113112113123
2322313231312122223233221222232
221331333321131313232123312223333
133232111322111322113111332222221
12311132231211131231211221121122223332131221311331231213233232211133
3123231323223131222123333322321112123122331122232
112131231133311332133231313121112223212313322213331311112322231132
2312233121333111223331321131313
1121223111312232232332212233133232213313133223123223121
232232133321
13331223221231112111322323323
113311233213332321332113
332333123
1211211133222333211132322131213121112323313112231321113211
2332313311221313221
3323223322211211333333222232313123212213122111133321211231322131
11232122332322122121313121131133213233333132321331133121332
331121113223312332222321313213231111131133322212211123333
13313111331313312231123312211122123
131123121113211333331331113232133123211113213123123
32213313111311223332313123331312311133132221131232331231333313122
22211323332312321122113121131321221332313222221323313223
22113333132131312
13113231323131122211212211223331123223113213331121132323223231232211
22321333322332222122
12313112312133
213222231222333332213221
23211323232121213113231
131132232322313331213331133233121133113132
222111123223212211212222
213232111233313112111223122212111122333333131321232
311121133113121132121112322331111333131331313213
2232221131212312323233323
212113331211311112112133331
3113231232223
21111211331111131133123213
11113321313111
11223311333321222123232233132333312333111
331211323123313131232322332
33111331231222131111113312313312213
313322322222331131222123123123322311232231223311131321313
3231113233323132313312322322212223333
2221112322121212311112212222321323123111
211132
1233
32311213211131132131311312122113313212213123132122
112121213312313322131231113233113112
3122222211323121
1113231312222
133131332232332111123122122321212121113331333333333333221233231232
3312
33333113212322213322113223121311212113313222221312232211132122123
212121221313333123111333333223232
112312113211322122223113111213133323323113221222331221213231
111332311311321232222313332113211123
31123211323133233231222312
23332312
1122113213133322322313231211211322
3321111221133112223111321311323131132132122113121111213111232333
322313232212113123131311112121333132233
32131112211121212333231213111211132223122222133222113221311113
312323232122221211311111113221131312131221332321131
1223113221323
11331121311122311333112121122112
22231113223323
11222111111111221131312132
222211233122112131331132332111311111122223211212311
211122212111233231311331222312111321113332212322323
21322221221
112211
12
13321311131131122132133231221123
3222333311311232333222221311213212
132121112
131221212211112311212132122323222133
23233331322232222111212211313223332321231121313
333121122212212312
23233113323133332131311231222332311
2
123123312231223333213212333222132331331221223331323
121331122311112331223133333132132231221112123133111322121313
31222332233322113132111112211112
12332123231133332231231311121233232331123212132112332
2333313232133232132322333312
332311233232121331231311223312111311231223121323232333121
132122123331332323233113332221
1123322223312323121113331331111232
221332322332112
1311212322222132
2211333121121333132232313112221211211133322133333333
31122213131122332321332
13232132331
22313
22132322222223132332313131121321233132231323331
1233321222312323211322322213323213321212332132321211133213213
3131133223232323233331321123232131113
1231123113
112311121333132312122
223331211331
131112333231322321322231333212332213113312323131
3111132133323212331213321
1311222211313331233312232322113211231313331
33331211233233131333211332221312123313323212322332311332
1112131221312232232112333113321
22111231232312323311121321322232
2112221233312332233331111321133133321121123222321311321313212
32212333331231223111222132322213312321332131323132322
31121113323223132322321333322323131222211131113223133331211
2231331313313323311333311211312
33211332223321
2
3323333131132132213133333
213213221132122233221312321322113132313
3332333223231113133332333112323221231113322321112
12121211222221322223312
21332231332232321121211123213211223131121131312313233322232
1131313321112
31321113123312323332321321232131233123111231133232
31211133332213311133222113113121312113233
23313211313312111122311223111233331213
22121333331111322311333113
3
233323133211321122131233133123333231332321233122331
3221111321131112122321112332311122
3233333331122113213113322323133222322113221333323222121311212213
13
33312311231133233213121311113233232223313131312
12131231232332321211111333321213313313122332213212313122222321131
23213232231333112212322312223332133311312332231321
112312222121112233321223212231332333123321313323112212131111323332
3331232221221
21133133331323131221313123131113233311122332131
3332121222232132
3213331232211223
23113211331233121133321323132312
3133313333222231331122222211111222123312231112221112323133322332
2222322232311132333323133231121223112221311212123212321212133
33122212312
222323123113231211112122323111
221331231211231312333112121221231212233332132121133122122311
12121333323111331212111231313231
1323232332312132231121323333112313333133
1231221311113333113111323
33321121
322313211111211322231133333312321132322
123311332
1232233332331333331122221233332212111233111222111333113322
12223311133233113122131332131332
132333331313131221133133331331113212131133221213122331212
12222223311222231322232323111233332223322223233122211
23213331332132323313113
113223332313223112131113
33322311233322331132311121113123311122212231113332313123311
313
3122322113211111313132322131311211133121
11222323132333231331223122331122313211111
33333112332
313321221313222121211233122222232223121333233322313113332111131
232331212123111111233313132321313332
12332222322112331213223133323313231
33121131232222133221222
13231211233211211331321213211122
21312111111312211323113332121123133
23111111122331222213212231322131321122221132231333311112212112323311
21311332323232322321
1323
31222211321122322221233131121223
1322332123311112212312323333323212223332212132131311123
1111233323233313113123132121122311312332313232231213111232232211
22
3132121322211333312221121333231332333231323312
13323111121223323222313233121331221232323231213323122
33333131123222321233331333232133133132123212112321133122123221232
1313333212222332323133331131112332313312333312113
233111113222312
113311123
11223111313231213212113112223
3313322212223223132121122122233222331211
22221221232131
33213112323221311311313121313221221321213312231332333233
3312322211112222
23221233232331112223223113221232212222132211331311322
3221113213322122132322
2123
32233321231313221112331313232132113332133111
23311
332131323223232231231111121131312
32132132233222211133
3331121213123131221231
2232321332333123311111331232131223331233312312221223113231
231222333123111121323311
12132131
2
12123131113222222
212123111111232223213212323213211122331111221222331213221
32311322233323131232323211113122112113121123331332232321123
1233232113211211221313332131313231223132
2112321
12122333331122231133133121212121133223133233311112123311
21112323233111
313312312
311132231323111223232311
331231312233312322213123232322311123231221122311133311213131
3211221212123223323321313121112
213313
2323223211333211122313213311213131233123211211111323132313331332332
3322
213332312121312332323332233333
1133322232332331223311321133222213231213133333111332233
22332113321213113113121313223112
21212332111223111221223112312113211313232131232
22321133132322321133332132213222321333121323231131111311
12
11321121322212222112323
321112323122232233222313122233112222312332
221211131312212332
33323133222131222322213321211211321323122112331233212231322311332311
2333121233121122112123132113133222123231333321223223332323113
12133211132211213133122211321322121
2332233232332221312132312211332123333112221
23221122312332313332111133132231113223
3311111112123122312332121112231323233
231221211331211332222133221231111312212333211211312222212
2123333332321121221333312131233122332
31333332213121132132133221131333232311
13211332312322132333313222133212211112132
223233131231313131
1312232131122212312231223113232
12323322122322132123232221333233231133311333221
2333321221231111111132312211231133311312123133
132332322112222332212111323333312312111322332232212121323212
31223121112131122332322213331333122113222322133121312223311332221
2311333131232113313311313321333311312312121332221213321121231
33212223223132211311323221222
33333313231323133311213332213231222312332
3221311332121322222212131212212111223222331121223112331122
312122223313111331312132222331313121113132222322123
22321313133213231123222123212333322
1131132231121222
221231321
122113322311312312133113
2323121222123312311323223231111233
21131221213322223322123211321211331232113233322
2323232121331222323111131
31122313323323123
321121113323133223313331232223312122332221232332212
33113132321211111223113312333323222132111113332211
22211122313211323211323331321113
13322232113332323121313131321321223132121322333
32211123332112221223223221211231111222233312111333212232121112
22223113122223131111231
1223
122211111112221221122321122
311333322113113231133123121333223133213113
233331113221313121313211123213131213312223322321331321222222211221213
211233131231131131112113122323331121221222331133213213221113123112
13123212133311123131332312312313313233111211
3322123231131111323131133123311323133211123321
111112321111232231133331213332213322312233
1322323231222333111111121111321132232131113311223113211123212312113
1122
31221232133321131133113233321311233133
11333332111
1131111212212212132133113121212132212332233232331
213
21123
2112131
3133233312322313313211221332321133223233123333323213231122311323111
3223111122133323111223112
22212312131322113112121232331332112111212211112232
2211233333123233232123322213123232331132111332
311312232133133122332111323212322232333221231231312131231313231
111223321122213221233
33222211231213233221311
3111213
3122232313132323112222323211311122133321
32121312123132333333321223221211211231113312122213333333312
1222123323121112221213213233222313331311232113312223
2132331212
22232233313323321112231233111333332113221122311322112232312123113
13123331332323332211111211212311131232122133123331321233232112
1213221113123131132122222231211322223332113331231
111322222313221231333
232133233321322221333212323222321
1221211321132212213332312
13233222233311321333221322122222313121231233322121322
231121322111132231231121321233212213213213313111222
122312112311231311113311313111131321121232223222221112221233223
122321211312
132321311322112222231222331322213
3323112133232111131331123223
221
231231222223333113122
2232212333221
33232231211233111122333221133111
233323221121122221313232231232331211223233112
211113231231222
112321323131113222132221132232123322331332311312
113121133121332221322331131232121232222132322
12313333132313212323
1123221121322133121311232
12
2122232123
31223231313321322221331221332
2222112332123231312223333311221232322113232
311112313211113322213332232312232
132131232111222232311233322321331212333222
23121131113233333232213131112212322313211233132223323121112332
332323
13212223233213122313132321113213333111231233311122233313331311
22113311232123111232232213132231331132131222111333331233313321
2
11211221312132332333231213323233112123133211321311313
221112222133223
32333232211211231223311331231211313113211232123131112333321122
21311132123333323211313131313113312132333
1131121233211132112111232313313
13332333221333313211122122332232131111121121332
1322313
233123121233211
22313113131231232213313211322123222113131123131131111112122121
3123333231123133112123121333131313132
3122221313333113323212212213121331213112223113313
111233332222321222131121111332131231233
23233221223222222132212211111231111313222311231123232122
2121
33231211123333122123223133
2223323121212113312131
32312323213131222321222113331122131113231212112312131231132312213
22111333222311312233213323
213223311221111321111312123111
133113
1333211111313231121232221123122132122213213311123123322121111
33221312121231112132322221232131211231233233312333
3112222132332223212121311212313121313211
12111312213312312311121332213113332112322222212
332331323112112312321321313122232223333231332132322213323
311222211233133232311122133123321332121312122212231312
3331212123132123233123213113213312313232122232123221
1223323112221212333311311332233222211222212323313
22323121
21111123331311213331111212121121132133311122331133
33332122123322233333
2313222122313233332122322231213111213111132111
311122113121322333331132113232322231311311311123
22133113213331113231
132221
313213322121
2223211123121221212323323313211111211133132232133
313112222313112322223
313223212231131233231323213222131133222113113132213313231322233
12311313221213112131232333333212123
331121331132233322213323212331133331232112131131113121313
2333323333311321312121212113332132133222313213332333231231322
11223332223323
13332133131233212233331312331312322232233133133123312211222133121
13211123121121333231221233122322133332111323112122133323121333311131
231322132212133213
13122233321231112111322223212133133
31122231122213232112212322
33121131112213231332
33321313131123331221131221223322221231113113111
12233212212322111231331332
1
1311213332311231131
222321111
321233121213121321121331333323112312133223233113233222322123312213
331131332131121133113313223231323
32212312213113221212112132122121322311213333132312231
32213211223222131213323211321132331233233233132
3222233
333123112332232223322123113
3313111123
211223232333311
21231133322113111331322331332321211311331223211
231233231313211121312122123313131113
13232
2121222332212333331122222321113
231313213212122131211111331313231
212113312323132121121333231133122133322111321113332232311332332212
23332
222213
2121312321133221233311233221112323
2232233112311321211121223221
33313323312213313313113312122333132313131
11233312113311213312123333223211323212113323131132233121212
3133232212232323312
1332222231233333111322332122221332312233233112111233232
121322232231321221312221233131222121131233322213222221231312213
333123112133231322323322222121123333222132333112221321223311112112212
213111111112111131232233221311
121132231331113
3322211323331323112223133212322122312212333312212231322311133332123
1222113121223321323122111113223112313222332211313122331232
22121112322322123312231221121333311311231323
33111313131113313321322212212211321213
121212231313221132221133
23232321312211
31133322122231331113232333331212113213323121222123
123311321113331323113322111113313223112
3332222111233112223232132111323231121
1233122132231231
332233112123211233323212213331323131321333221322311221331312232
211212213113121133332211222213121323331213211233211
1
332332332322212233213221332223113311131322323133231322313111
1213122331322332232223311222312112213322211132121
2221333222313322332121212321221311222113323212
322213222333212231312322232
321
131211223131323223233132112
31122211131322313213111133213
223
1332113231221233113232221113211213
33131121222231231311232232221
231321331213131312322313111
322313223313313232221231131
223322223322223322311132321133121132333222222333211213313222333333222
1112311111313311221333111133211223222323221223333133313231133113233
32131232132333321121111132
31
32131321113232133221311221113323211322121112
121211323131312
13
31321122122
1133
23133221323132112123213213113233213
31321113321332233132212331322321133223122133232232233122
1121232212133121112112232323312211312311122213132
222
231131332311
1233231132331212112221322321211123331321123323221112221122332121333
21321231111312222131132311323123233223312312121331
33322213113232312232
1123232113332113212111231112121221113322213133223213
33231122231132222131322
333222123322123212311113231212213313313
2222232331211311233332
1221221123233221122211222321323222311311322222333332233113131
111131331121212211332121113111213321231323221333311122332311111
22232131233311213112232312111333231
1313322331221222133321
112113111221
11132332222122122231333121131313322221332
32231332213123313212232331213311313111131121331312233113211
11323213232333311222122331
3213233332231123331231133332313131232322
31233
223211213313213121231131322212212
13213313312213133123312313112333
11312112
132221331223122313131312333112133122112212211232323131233112
311133232121233312233312112111323222311231211212133223233312121323123
12211212231221322222311113132313321323112132123323233131
33111233
3321222122323113233313313322231312322133322
1333322222213122222331121231222312123123332221222132
12132113231231223211232111223312213121213212232222113121122221
33331333211331313222232132131132132121323111123331121212223331312323
331232133222223
213221321122132121331131333231322111222112113233331321212333
231111
32322323231311132232123231221
131311232112113121321331212113212213133223111132122313213
1132231212233131133123
313313122231111313123111111323112
313121233331323312333123313323231133233112313131313331233212223213
23313232332133333132122321231211323321112223222333
3232232311322232231233132311121332322121313332111221122
1222131122213321212131312312231323
322212211
132123323211333212232213311222321123312111223
3212232212211121
333
32112232123231333131122111333131312322232121321313111311332123
233111222112313333123321213112213321313123123131312313222221233
1231211211222211
231211322132333211211332132223211111213333112113322111
33323211332222312131112121221121121132233321331111321211213
31221231133311122
3311213212132113321321323213211123221122332111231222
121223133221133233232332323323321211323233312323232133121331212223212
23321121312131222233331313123213231331211
223223332
13233322122122211121231333232211123111132113
3131321332133331222113123
33223232113
111222
2323113232
12111122121312313322131121232232332121133211133122112113
123231212232233222
1221231322111123311133213131222313113131312112111111212