500 200
331223231323333233232221311322232123121233333332223132111233223121222311132121232112211313322
22313322321111332
2322122132132221212122323111133
331122223322211312121122321231121233311312113332232212313312332
313312
22231211121121313223333222321131131112122123212211222331131323
12213211323233333121113223233211132211333311131231332332223333323113233222122331131122231211332121
31332331132112321322222311113311231233211132132333331233221311232223323322323111113221331
311322111112322131133332211123311131231111213222212321212122222332132322223232
1113112113332122333123322213112332311221113212221312331323
211123131331222211321311112131231333313331123132213332133233321331323211223131122233213312232133322
23212122212312112333132222233233112111112213
12311222221322132123132222112213331322
323123
131111212213133323133131231
233311122311212121321211133232112232313312332221113332231123121222311331133211112
312331321312331321212222231122133232222232212
21322321223223323311133211132211233222133332131
1333312333332331113323132331313231211312121333122323312333232113122233231232313112231132
332112211231321321312321221333333112231332313312323323122213312211112213332121232221233313213
2122223223131113312133
3112312212133131212133113212223211232132111122221321
113132211311131221132221
132323131222321221212322222333211123323331232223322222112231132132111121111111121333
122213322213121133232333133213133332221221211213123121122123
11211321312131233131132211232112111222
3121232223223132222313233212132113132333311221112233113232
222211112112231131222333111212221
233313113211311323232111322222312311121331233132
1232213231
33231111323322132311333231121333132213122333122333212133313333113132221213121123221122133
113113131321321122312223313232123123331332212131321122131
31123211223221333332132231133132131123232332321111322213113233133223331312132333222223
1332332221213222233232323111313113222311231232332323121123132131211122333332113212311313
21123211122111233332
322333231323331132232122221233
2322323123112121
11112323212132323132232323112132331322231111
13223311333321111321223
132132132111321111123211311233133231331133222331331232131233313112311133113311211111121331
213232313122133322223211122133323232113121121333331233
313
11211333333333231333123312313121233131323313311221221131311323222322311
2222123323232221221111121232213121222111321312212123113
1121311312132321232331131321222233112123331323111311121333133323221232131231212313332323
11232233113212131121331331312133132222
111321133
2
3212121312323122233111213211111213111113211221132311123312
3331112312111122113322333231113312331113323122131213332323
21313313333231213323133221121333222121221213221321311311223221
122213312333222323222123113123133233332231233131221312123133223332
132222111123313221223132312311122212232232112311111232221111233121332221223212311331212132121111112
23332133322112123331313131233231221
122122112312122122131231233323231221111121133211333322
222332312332233321123211222331332123131333212122312211322331321333312132222132313121112313113331213
311323233123223222131211332333112333323232332132323
13223333222223132322311111311333321211123233231131122233323311121112322123312312111
133
1333331212133322223212132233232323312113313223323122123131122333313221
3221122
2321313133322122331123322322331333
211132131213233211311312111312231331232322231312
3312313322123133
2223312233132213321332121231322332333221311132
2322122331232133332332222121231231221113133332221331112133232332
113322131122213133213131111231131
111111121321213123111123321111322212322333333231123133312112221213223231222211333223
3131132311223322121333121331311323222113331211121333313312233311123123
1213232323113322221212331233231311112132211323122331212111211231333
1122211122321231322222313123112112211223
113133131211212231332132132
3321121312331311112211133212132
3
11323312331122123212
11322311312312331323223112213222332231222222113221331323212
1333133113332333311311131331323333
12223231332122213232131132131322323111231131232133323112322233111311212111211123322
1131133113222133112113233313223221211222323
321231312131322213213312223322333321113111132132121112112321212233222131323223222332312133331321
3212311133231232333311323231321132322233133131
331333221322232221112133233112213332321221213213123131212233
22333313212131133223213333122331212131231231333332321
3131232211111132132331132213222311111322111211123223231112132323333
11133313
123122111322113122312111333121113123231111132113213133331122231323212111
1322223213332221123311322
1311121332133123122332212313313113232332212232121323
12132132221131211233311331
323333
3232333322323212232112331311322331212331332311223313213333312111322332132111212211231
231
22111332321
33222322112232122222312
322213112113333131122132122313331133111111212212232223212213212212212111222333113
11112222333221221131121221311323232113221222221322312233311231321231222322133222122322331323
213111312112223333213313133132223313223133211222221322221211213311313222112223213121132
33132112321123233222222233222311333133121112133221222133221
121323132212233212222132311233232323
122321121322231132
1213311113211331323323121223222133313131232322331132223331211331232223
2113112121111333233311312112122232
21113311321233233331133231212121112313131223313131313123212313131212111333132213223212231322
23311232222
1123223311212312322133
3332212112233331231113313322212231112333131233
3333231322333211313111313321221223321311321211123332111122333312311233323323233331231122
2
1323133222213112131121313222323213132131331
22211231322
31212123131322311333113112112131111331312231312311121223122111111111122
323131211222313132133131331113213233221121221213213222213
12311211131121122
3131
21
2123133323232212122232223313232313331112132121321221
21311121312223331113233212131223232313222323221332
21332322333311131
212212113211231313321321111222212132133112213121322221312231131311132333132231332322121
332313332233111223221111132222122323132123313232323313321212331223212222132
231223112331331112132311223122111332322133332333232122213212112322331212233312322
3312232122232233322131113232133121
2121231333223323113211232222233223133121323132131332123221311123333222321332313332212
331213322211111132231313121213332221131
23132312211333322211111132322132212123332223223222231211332
3321231231323213221113333
321133323323213111313
32132333123213113312312233213213311211322232221121113331331122212112232233
32321
32322333311122
312122131332331332211323132222111113331313122311311133332211212321111123132321322
3123123322121123213221331331331121213332111232333231133111322323111212331133
23331232111321123212113321113223333333121331212231123133321323
3133123211112333133222133111133332322221321231231223122213312322122113
2221121211211323312231233133321321322223211131312323213233
322221332133113221211222322333213332113123222223121312131311211133211112322323212122131132
1131221111332112212122231232232212133113312131321323131123222131332112
322112213213113211333223323212213222322312311
331133233311323122132
1333122131221212233123132332213112333111312132123311322332122322132231222223131133311311332
232223321113211233111131211112332311312321323331231
32322332213233231311223132321132323312333323112332222232232212221331322221233213323121
132333113123213122311311332322333322323123
12311313133211321232322213123221221213233
2221
11232211111123221132331132331322331231323311123322133123213123123312231233
3112213313132113311223221212332133221123311222133212322131222222112131122111113
1311111
233233321133122331211122112323132112223311231131
222113113313313323213331123131232233232212323211112313131131331312232313222211223321121
132112131111121213232323123321332331113123223221331333321323113133313123213311
13123122233223
2223223111311222333331323132211112221223213112
12133121221232321323133133132333231121313131232312123112312232233313122111113231331113233133211
22111322221312231121133313312111121113322122133331212231112232122233321113213232112
33323132332232311132212313131231113232132221111222121113323312113332112133333232322313111
11122132232133333111311223213
3233213323332121133323321131321
2131121321123112113131311222313312222322211112123232221121213221213113111211
2133
3223232112332233312333221131231122223222312113211131
3332222113133223211321322132213
11312233231212222223111332221113313133123212113323111
113212312112321332332213212122313221231311222121121312322213122322211323132313
1232
133211123132323322231131113111323212213223231112321321221132311311211112221222312213323231213111111
13233123312133112131231
111123312232323111231131233223322211122111123311112322333213212131222331312311132322131331221
213133221331113223121322311231131112332132233211122331323232231233
11321233121211123322222131231233321322133131323331
332223213313322
11312313123212331332232232231113123211322121211321
1311231113122212212111322231
2233112131313333331322223212123213231121231131221111331113322313313333311113121
321332332331323332223231333311112212332221122332113122331333223332112231313222322233211213231
12131113321233332232312212131113213133213112231133321
121211233233221132232323332223222111222323231212321122222323
2111233331131133213223331112311122232122222132133312322111313332221111131313331
1213121323122122123223323331321
1322133331332222112
3333131321312233133331333322231121121123322222121131332121121231123113212121223133321231212233
231313333322
2122313213322133321333213323232211221112311333221131223322132
2231321231223113323122221112132122131132111113231123121331133333
1332
2211233222212122223211212132312131223312213223312111
3312122131122311112321112123331131211323211
1223111323133222121223331231231212213311233221131223233322221122123222321
33312231132133122132222331313322121232313232233232213212122211323111212222213333111311131213323
23232212133321332333332211322132311223132213111
1111233313321332231213133213323111223233322113113122332233322231231211123332313133212231112221212
1333123323221121221212223211122222111132213213231312323331213213231222122113211223311231112
2232213211312321111331111221111313112113232121222311111122213212332212211133221
132313133113132233322113321132121133311111211332222332123333331122221222121222121233232121
33323311131133133213322323323333211321112122112212333222321113213322111
132212211211321323321123123231131312131113121313123321213
2223112133121121132213213212132221111321212121331223232311221333113131312311112
333313123331223132332213311123211233122221
211223123213122332323123221212133321213122312311221231123132112
222212233322121313322112331122232213123232312321112
213231311321331331131212331131231112
3
11311312333123321123333331211211313113333232211122212312133122133222132322
2122313211322312133321323313222221332
223233331123121111212123223213121231111331231111131233122
333231333232221311331313123311322332211112121332112333331331211322113133312
22131113333232331
3111333233222113311132213313111313231213312231323223313133323121111111111123332321321223211312
321311212122123131332131211232223311132331223212322121121311112213231333122221222321131233121
21113121213211
323213311213321332322
31331323113123
112223221312113232122321
222213111111332121231323
11313132222122131132
1212122233112313321213223121233123131221233123313221311223132321333231113233
1222112211313133132323
22311112223123123322132231
311231313122112121321233312311121221233223311312133121113323113333211122
122131131
1211121323112131211131232121213231113323113231123332231331331222111311121232231323321
1321223112122311323233233312333331222233222331333221122
22322113233312
31322321122231231321332232221311123322113
2113233122221132313223322331113131322123231213131332213211122333213222132333333323321132312333112
32211111232322112332221121123312112311331223113331331
2123311232332133133333213
323131323332212212321322311233311321321111332331221323221211223222213212122311133333232331231223
132133122221311221221133332111311121112332231
33111321
131231233113212211232313333313121113133113123222213223212222
3123221212332221123312231221223323312122231113331323122222112332122133221321213132313312111111132
1
333233213311312113333313122111112333221331332311331333113233
233232322132123213231223113
1131112232333133132221332331222212221131232311123233322331113121213
311223313223312332112222232222223231331113211131333313
123313132211333333332231112133223133132321132311323222121112133
11313331333212113321323221322211
2131113212122122321231233332322211311321133233123321233
1313211122331313221121331313333232213231211221131321232113
22322223131133312133332321132122331123332123113121123113121111231232213
123113
232211213211111331311321311311313212133323111233222133121311112221111
212131222113311332132211323211122132311323231323232313322212112121121223131
11312321131221231213131221133332222332331111212322
2321222333113312331232331122211122313
33323111311221111111
2112112232311323333123
23123333331123233333313311322331322333123133
123111213131212131122333123132131231133321131212331313322312211333131233332131132233
332131233332332322333331111223112121321333311323
122111113222
2112323322113233233211322112221211221222323323111112331222211312132123221222111221123
212332233331112233221223131323111223133123211313223211232323131221112332313321113232332223312131
332331322
2221212213333312232321332233333213131221
13112223232322232
22223321232332222312132321132221213121233212322112131231221223133312113
21231212221323312321112332
321211311213111121123222122132132133
23311123333212223132213222222331113121211
1112311331113111233121121311321232122111212132323231231221331112113321
323331321333332321211112331313312322111221111233221321212212323121213311321221311121
211332223111331
121121113333211321211232313223133223222313322311323132132
31212212211311122333121332323211312
11321112211133221121222132213321232132
11331311221123211212331332
13212123311331233211223323313331232321112322232122311331221333133
31331111323222322132323111133132211
12232113333112323232223133111231321231131332113331223233223123312313133
111121331213221
3232231213331311333122311111231323332331233313223131221231133321321122231321231312333
2113321232333223231322112
23233
231211111212333313
23111312223212323211311232312222131331323232121311232121212233123
2122133331212313132132212112321121211131113232131112323311133223132211311132112112213123232
31311213122112311233111132311313131121123221221122311323232233123211231331312132233
32213321333111231112233132221213132222321213311122
12232312321331331223212321123112332132123113323132333212122222313123
122231131332313111123222321123211233
21
31322232321212212332313233133222333131213223133212111131211222111111232133212221132122311
313331132113131333221331232222132323223312132132223232222131
333112121121313313321211212322312123221221112323113331321113113112333122132
1323121333122313331223213332211312333131123313332231321323321333322221232131121231133213
12213123322111331311111223333111313113211211131113331
1123312331123331332312123322111233221222223331112322312132213332133213212331313312333211322113
211331133223221131133323133323312333113132112121131331133211331331233333212312233133233331131
1223133311232332233323113212221233331321133132211222
122323233312311233231123131223312333132233131121223321312121123211221111311331132
31331113223122111231113131332122221323122121233232111333313213332122322333232112331222333321
233213221123313331321232323123211233223233311111223
1132322321111111311133333333312221123132111233213132213132111212231211113222121111131332212223
331233332122113231333311331332212323212
122122313111321233113331312131111112331221233311122122211321313223
2131
323222321232231331233212312312113113323131313211323332222111221332331323113333112131322
323111232331122322133331211233222322221322111332222222331222313
3332113122323111122123211332123123232212211212323211332233331221232123122112221322111333
3113223132312123233111211323233112223211331323313333111233322113212
12223121312232132212133132333113113232133311231333112223133132122121111131312
111113332221312
121
3221333232331213332212131333122121132233333223333223332
2122212123321
23111321
312221133133311323221332122121321113332111213122123213131
1312112331222311233223331332122332222322211333211123122221311122231323211212212132221313213
33231213211211323111323333212221323323122223211212133111
312112313232213221313122123121211113113322222121213211321221323121132232312132212
1323132213131133111132233131323311331122221133323132131313312311222312122112
21133222333223322133231131231232321112132233223313213331113
222
33112211232212212321131213
113113211111212233122233212113232132221
31312113213313223211123212122113332211313
22
12131332313322113321122121321
1131211223223123123331121331313223123213332311123332232331132333332313
3121213113133132311313332211122121313231121332211121333112113331331333231321313333221232322
312232113232233322
22111233113313113321331312212123111111111232121133332132212123222
12313323223211332111332
2133212123321211231331333212323221313222231212122
22213331
333123123223331121312212223332333123231
2132133212222323222212232321322122223212112
2222
132321222233322211113332223322223131311133232113112133313311112333233231211121221
11323132131312313333311232223232223133323112131211212212113
2223111332121223223322133121131332112232121212212232233211322211122133322133223331213
2321133112331313121113111321213132123323132222112132223133312211321211123321313221211113
11121313311312313
212333231232213123321132331113313132313232231
3122233
1222133321
111133321131131233312111213113121331222311133221121113131222
23233132112233
212232123312232123
11232332323321313213221113231221332332313311233333322332322211312233321221323313
13331222121121332332122132213131313323113132212131133113321323222211133222332232133222332132
1112233333113331221312131121131123
23322122113232313233213123133231231123221211312133133333212311233133322131312321112113
3221131112311211323332111131221132321121121221331133122132
22312332311321313322222321312321211331111212122211213122322133131332131331112131212333132
22132113231121311121112231211333233
1233112322122222333212233112221111211121122132132213121323332313
11131332323221321132122233133332122111132322333311211231233233222222332
33321331323333211133123221312322133111233231313223213332313132231
2121312
23211
221231313231233131313132313231111212333123123233231121231
23233311313233232232223333131131213221322222122231121212133231122
22223321332333323212222321111333131311132131322221132211133331111322232323331
322131331231211331323213112111323133332323122232231232132322212121232
1131122221331233213122331222313233313231133
131212323221113322233132323331131331211111331122133112123332233323123323212323331211
2312133221312331311211
2321321231133233133211121313123212132122233123311232132323223332132313333122
332221212
3121313322312123312132332131333213332233211232132321222331313232111
223221312231112212211
33133121331112232123222323213322
23313112123121123132312311332
223133123212333111122232113133231122111231213211212223322221213331333223131
32231231312132322331213331231223112
1223222132133312311113332222221213123113113222131333113233121313122313312331221233121222
1221111133312321321132131312132233312123131113222111232112113232
213
2313122213122221323221133232311122
31323333321133132331212232121233311
22332232322332231221333222112321333121223
31111333312333213332211121211323232313232222111333222231
313112121311212313312321331323123322211233121332211
331333222312232221312321312233321
233323313213121313131
333222323121233221332222332123332313122233321132233122331122333331221331233213
111132321231233
11112223312312311323
32233322332223312333213311311233313332313223132211323213212332211113132
113223313221312232
31132121323111311232211211223332131111312132223322121311332121312322111
3132211132222133213223322221231333313311132332122322132112311133211213233212221231213321333321
32313321111222211222
23231321
3322231131232221332113111112131323332313132322132211113312121211112123223211123121
3212
12313323113322313321311332333211213233332212313222232211111312231333133122333213121312211221
12221311122112323222311312213212313
2132123231311223313221213123131132321332122
3333232331323332213112213223112213133121121113321
131312312212322231232123232223322333233123221332211213223322322321122322
321112123322213212233322332332313222122233312112
32233313331322133223112112322221311332331133122133132313321222223321122132212333211231
122323112322221121211223331222133223212
22211233233231322231131223233233112332213233333113232331312313223
312323313112312312321111131121
13232312
3222223332312222233
1123212131221123
23332113322212111123333323212333211133222321222132313113221
2313332231333323121131223133113332233112121121333132131333332112331331233131131132313133223
13
2121132313221112132321311232112321232112323112223333221231213312113132322221121221122221232121
132312222323321312312233313
33312233211122113311211321111331131311111131211311211212122223213233211131231131113331
213122212223231111
1131213122
213332323331213332122321333323221313113111312212323233231231332123313131323213211
12333321212323
2121113312322311131132322221223222233121321313211231332233132111131121322132
312132313122212331131231331213311112222332331221113233222133331321313222231231
313122132132133121212221323132
213211122211
1311231233231232311312223112112
2231133333312132233113231113122232333
111333312313122213332133232233123133321123232111121213131132133311322213111232132111312
11113111212233131222312332122322331
32223232213213232
1223312221122221331231123313111333313323232231332121312131123221112
333113332133213332333233231131312111133133332222331321231113
2211323133121212132233231312233222331313321322111311312111121312231332121133213313
321132311131222232213223312111312313212321331221322321132323121333232331111222223321223
132313311113231121312121221121313331111322233321312121123231132113323223322111132132113123133
312222331233313231112323111232213332123132232312111133123112121323133213113123233231233132
11113121121233113133332133331212122333132112231331
2121122111321133232132311332123112111131322
11232233332131333322311233213231322233211112231211322131221121122323
3123122313133
2223222133321113333221311132111133231321313313322133233133123321321
3332122131121121
3212312
33332312113223123331321312313122
322231122113212121211332122222112222311333222212321313321332231213
331232221312313213321213333131211332332331
31223221211122221313121332122232213213321233332332112331
11233321123311323231232211122331321133223311133211221333231
133133111231223
222332121111132123313211211122211332213321121322111223212112132212313311223133232
1111331333122111312121131322222122233223221112232133332323133322231333233213231331313213
12331332222322131131
3232122212131223223311123321213223121113321213211313312123113112231311112232
333232133333232113111221232213122113321333133232312322211112212
13312132223221222222111231231122311231223211133323321222131122212
221211333121213
3321122223121132122111222212132312131211113311113
231112231322331331331
2131331321312333133223222223232231321313212223113312131232113121322223322
32222231213323222332113133131231232131222311111311221231213112311132333212232221
2311331231112223113222131211231221332333331313231223212323311231212133333113333213213333
1211232323211331223312323223323212112311323
2111121223111113221211333213332111113121212312323123132112322222132113
21111223121122132131232122221111132213113222223332
211321211212221331311232222221111212231
22112222223332222113322112321
3112213112221221312211222323333122311323121231133111221133212121311111223111122322113112323222
11113233133221322321321111223221212212222131332332212111313
113233331333113213332211331221311111312122333113311322113333211131123331312323233121111
231333121233123123113311321322233122231333123221213322313322133231121313113213332313
1112131322132222131321211332
33212123211132213222222313233113123233211212321
311123122322333321213313111
223213113
2122
3323221313221312131323311123
3121233322331133211123133332132221232222213321133233133131111312322222121111331212133321211212
32131331232121322121213232221332222212332121332212111232123331221232132211221211311121312232123
322332312232211322332122333333311232312312331123133132322212222212232222111223322312111113322321121
1121132313233113112313111233212133323313223113212332222331131321332232133222312231132221
2331322211313322322131111112322131332211231122113211123231111223213333231132123211321323231231122
123113332131122212121221322223113213223212121113123213223332212
231311232221111233321231211131333323221331123213231312223221112233121332332233121211333312
321212212333
112322232322222132323131221332113232113321123133333233212231
333112111311322311322213121332322323211231331233213112122223223322122221321313223113331323
322
33231312232232223231131122131113232131123331312233312233123111222113
12311311231212113333122312232112131123212112323131312321322233
31232132323321
123213321333232221112333312123223332321121322323323132331223213122231213223311123233
213313232232132131222121213312223312331333121212331322122333331313212222212212
33311221131331212
21313231311323223331133332333211133322111311133312
3212222131122132233213
2
233322
111312213332332332123332232131113321311
1221113132333332121
1121322313112111323122322223311
232322232323131113312131333311131112212333111313223332
1132112323232112133312211121322222123333212131323231311111132112223311333222223333222
331122311321322323323213223
222121222221222211222212313311232122333321112
112322321211333221212
2332311131112121311311233321223133331222222111321231121311213323233223323312233221132321312
21331111311331232312
22133111132223112122223133332133221112213331221132322123311121331332123321213313113131223321213313
21113121111113232331112332311313231221312132223321213223333332
23232233211222231332212
3213311111122113232322131222321311121121
113122222221123233111331123331112233323133123222132311232321112123222312312132232111
13322331333123133133312222313123223333211213213313221123122311333133132
221233311321333311132113233232222333123213331333
213132111322121213321122213231111212211133321112333121123212323311
13332123131121321331122131213222133133222212221313222321323323211232322213222
1212323133123231323222
3222213233221121123222231321223311212313333322122221211121232
3331112312313223221233232323332332323322322212121333211212113332112
1132221122112331123231231332333
31322113232223211223223
311332112223312
3233112123122223221322131131131323323323223323132312323231111222322123211231313113121233233313
331211313133332122322312121121333
212321233121123113321122212331311111121313121212122111332213121122231
1212111313322232221233331111132312212233232132323112321232333113212223123221112312333221323
31322123333131223322232332313322131
22233122122223211313
32123111311223131
133
2123222
313133211212311112312
31212322111213122221212221333323122123323333122123221132221312123233332231133121221213313223131
33232231121
13111122122121
33312212222232312321322221313221322122322231133211133132
3231132311311223123122111332332333131112112213322223
21222132132331322231133212222322221222321113232322122223312233123312332111232223232
2123332321213313123131333211331212121331333321323233121122131222232311212
3113331311212232221123312132122323132131111321311132123232123122221122313312111113
23111212321223321
1231213311131132333231112131321312
1121111213
12312322133212112331233322121333232333222223332331113212
2312233133122131222231233132121213111331312122331331231232121313131212322233222
22232
11233121121311133212213122112112113223122321322121213312122333322322331123212313123322
332231233233133321221111221222232331211221312212
2231233311
133123332123313321133123232131322113211333133313233313133113231213121121133232221232333323331
2313212333122321113313
133112133323121331133223313121313223112323311121123112311213131
3233212323231321331213323313313312111121311233213333231322333221
122331232211223313321233311131332311313221313311111313232211331322
3133332123113222131313223333312111211223232212312323321113311111313311122322131121
122322233222222322322322212131311231312312231213122122212312212221133132
1231111133122331211122112333121121322233311233113313223313123133
33121321331322313112312311211322331223232312331233121223133221111122131221132213112333231323
23311123231131123331331121211211132233133332322313121321123222
221223233231222133132121113121331331323123121331113113123231222211112311232221313223213313232
132313113223123
231222333
31312333321232333132221121333322233113331323312132332323
112313111121113223112133111212311112112121323331221312
2
12322222123311223231323133132332121132231133332223131
23111223231213132131132112
33123213332213212223232321122332
312313231313312131123313112222213212323221
1132122333222133111321312211321132
12112233323212113311331
322331121222232223111313232233323113123222323313122221
133112132133121223112
1133221111211313131131133311212133322213331211233112
2211311221133213323332323122123321322311321223221313113132232333223133331122123221132221322323132
11111122323312131121132223231213321221221
3211313222132331233232122211222211323332132221221122322323232133222313323222111113112
311311112221312212211212231132312123322
133312122121223213132221212322113123111
23212111122213132111312212311212322311213131132313332112132113122132132212223312123311333
322222231222323222332122211123111332313121123112223223123231133113131111111212112331213231131211
1313121211332122311333313
331
11211122311223212133132331231221331233232233331212212232331122121231112223122113311
22232321133312222113132113212
123123332232112311333213221
231
22321132322223232332222323213132111123111
12323231133121223213133211
3231311313333222222332332122211112111133221133133122233
32122312223123122131232131223131213333221213331311213131131222131131333213
21312123112333221123223213131221121121331332
212221332213122321123121331213331
312311133131323231232123133131123122223131222112222212222212211133113111123223111
323232222132321111133
212312333
2133332333233133231112311112112312333113132311232222131311332331211122312213132323222122132221133
2332111112312232112121112131112231333131322332132221123222133122322233232221
223131123233123213123313332133
123333332133113211112313231311312223313213133121211323213232112
23121112322312222111322232232313113331231112233131133112233322112222121133111212133123211
13321113
21211213312331131222132121311333323311333313112232233231333131232311312131
321322122131321333121232113222333333121231331122231211323331331221121122221333333233331212131133
22222331323232121221333333123132231131321131331231122333233122233233212232321323133
13213111211112213
2113213122322312333122113221231331131232112
3131322131233221323213111111232331311231223312
13232333322121332112332123212112233212221213112312233232
1311222313321223222323311323322322221111333211321322312131311222333213131332123
111221122221233313212312131321331222232121233331213123312221123211232112132232331132
331211311133232312322322313312131122222131223211321223322332113213123211311113332312333111
2211223211132221233233313122113323131133321331222
33121322332
233223312212312232122123113311232131323221331
112223312312333221112333222131323132121131113113123321211211232313223222331313213122213323331232
32212213313212233133313221113332113221133331333331222113131132112122322313311313231312233
2332331332213133333113321121212223311332312213323123312212111212
133313332322111333122331231311113233123111222133121321213122132331223321223223333
11233321313231332112131311133223331111231213122231323123331222233121321212222123221113122122113
333222221131232213123233132213213312333331222111
1121223133223131211113
23212221312211111131112
32221112131323322232123332312321311222122212
12132313323322211311323333122331213233333111313223123311
223321212311131311322113323
3333312132
2111221133331131121
1213331131221232211222321332311232311231223211231322311323112333313
12121131
123332311122223212231133132211232313232113132121221211122113223223211
22131133212132333231311
31333311121231313232213232221132313132332333311
23333132321222222212121122321113132232333111
3111223123222313331331321
2331221111231123213321111212321311122321133131221132112
13321211121123122332113111131332113122311232231221111332132213312111331311313332133213312
121233131221313123322131333111223212333323233131331312311
333111331231311322312221232232231323121111321113123333112211321331232
31133122221323222221113211223232133231322232
32233
33131212222
2311
13223232121111
2211221332122322212322132222331313121133331212132111223
32123122131222213131321211321333311223123132121132113311323321212111132221221
122222113112231333121333331321132331232221111123211313231333133311312313113
3133233223131133122211132121211333133221133323312331232132131123213211323111113333131232323323
322133113212213133332113231333211323133
332233111131233123113122122311112123223331112312223333113212133111113211321133322313321233132223
13231132321213121231221113213221211121123233122313212211122112213332331233323221322233333
32312321122132332132211131123223333211313212333132121111332322222331
11213213232331
22133113
3333233222123131113323321313322111323331131211321212131223133332111111332
1333213212232113113123332313111
3313231213322
23113123222123123323222333222331123333222313131221113211111313112122
12223321321223122331113221312232233112231133123311
31221211122312323213312122221311221122311133321113312313221131331311131222333333212323
3111332133131131111123
111222321212311321121321132231221321311322122132
3333231212233132111111113122111133321331333
211122213131333332132232323233112133133132232331221232222132323121322123221312221212333122212
31312321222222231132122
1133331211313232132311321113321222222222211312233233113212212232311111
231232132323113232232122132121222311232333
2122213221313313322311132231113112331212321323321112212333311211323332322233311132332233331231
13332212133321132121213311232113211313211121313123311113323311331113312223
1111122232233221232112233312213121232331232312213211212312323
12233332312323231
3212231212332223123323
323212321131131322113333113232121111323231222222232121123223231233323231
311322332113213233323131313311113233322312232322331332233231131332211222
31331121221112321112132231212232123112233112222211321332332213333133313332
12122223211132311131111312223312223223333212122321111333122111231113233211311233332
32213211331232331232123223321131111233331313213131322312122232331321311113221
1321121111121233321212231231312221131312313312321212223222111313313111323
3313231123321322333112322223332131313233232311131133311232333123232221233111221221212333
2221222232313233112333123222313332123113221111332122122211331333211133123113132
2331231321312123322132212333332212212212111223231121313323311321333122333322331313
11211221212211121222232132123112133313232311312132112221322
1333112121131323113312221121311313113232211133332113221111213231331223113313312221322213
221211212211
3321113111111231
1123212122133
11233113212313313211213133122131123331231333111322113123323213
3131211111223233233222222221331233323322
33331132311133132223321
1221333321333131213312312312222132233121121211332232322331311333123111
23231211211333
1131332232121213133122222212223212233223132131321321212233312132111331332
213232133231213223131
121321232121211232233
112233213121221222131331232111312131323113
21311221232131221113211132132113321233212111222313312321331231222313112123311121332211
2112321222222212133323111233111322113133121323123213211213322113322133132322
2112132112211331231332331213222
222213222222121211223313323232232322223332112321333
23231231212331121
3232332123131132133323122131
32221122223222212333112121133313212213122221323323113131322221332213312
122112333131
313331111221212222232313132313311111121333131332231211331213322232132232333222221233
3333112333311121231313121333313123211113212332232323223133221333132212211
333222211313
12213231122213231
32